1746	283
1745	283
1745	285
1744	285
1744	286
1745	286
1745	287
1748	287
1748	288
1749	288
1749	289
1752	289
1752	291
1753	291
1753	290
1754	290
1754	291
1757	291
1757	292
1759	292
1759	293
1761	293
1761	295
1762	295
1762	294
1763	294
1763	295
1766	295
1766	296
1768	296
1768	297
1769	297
1769	298
1771	298
1771	299
1773	299
1773	300
1776	300
1776	302
1777	302
1777	301
1778	301
1778	302
1780	302
1780	303
1781	303
1781	304
1784	304
1784	305
1786	305
1786	307
1787	307
1787	306
1788	306
1788	307
1790	307
1790	308
1792	308
1792	309
1793	309
1793	310
1795	310
1795	311
1796	311
1796	312
1797	312
1797	311
1798	311
1798	312
1800	312
1800	313
1801	313
1801	314
1803	314
1803	315
1805	315
1805	316
1807	316
1807	317
1809	317
1809	319
1812	319
1812	320
1814	320
1814	322
1817	322
1817	323
1818	323
1818	324
1820	324
1820	326
1821	326
1821	325
1822	325
1822	326
1823	326
1823	327
1825	327
1825	328
1826	328
1826	330
1827	330
1827	329
1828	329
1828	330
1829	330
1829	331
1831	331
1831	332
1832	332
1832	333
1834	333
1834	334
1835	334
1835	335
1836	335
1836	336
1837	336
1837	337
1839	337
1839	338
1840	338
1840	339
1842	339
1842	340
1843	340
1843	342
1844	342
1844	343
1845	343
1845	344
1846	344
1846	343
1847	343
1847	344
1848	344
1848	345
1849	345
1849	346
1850	346
1850	347
1851	347
1851	348
1853	348
1853	349
1854	349
1854	350
1855	350
1855	351
1856	351
1856	352
1857	352
1857	353
1858	353
1858	354
1859	354
1859	355
1860	355
1860	356
1861	356
1861	357
1862	357
1862	358
1863	358
1863	359
1864	359
1864	360
1865	360
1865	361
1866	361
1866	362
1867	362
1867	363
1868	363
1868	364
1869	364
1869	366
1871	366
1871	367
1872	367
1872	368
1873	368
1873	369
1874	369
1874	370
1873	370
1873	371
1875	371
1875	373
1876	373
1876	374
1878	374
1878	375
1879	375
1879	377
1880	377
1880	378
1881	378
1881	379
1882	379
1882	381
1883	381
1883	383
1884	383
1884	384
1885	384
1885	385
1886	385
1886	386
1885	386
1885	387
1886	387
1886	388
1887	388
1887	390
1888	390
1888	391
1889	391
1889	392
1890	392
1890	393
1891	393
1891	395
1892	395
1892	397
1893	397
1893	399
1894	399
1894	401
1895	401
1895	402
1894	402
1894	403
1896	403
1896	404
1895	404
1895	405
1897	405
1897	407
1898	407
1898	409
1899	409
1899	412
1900	412
1900	414
1901	414
1901	417
1902	417
1902	420
1903	420
1903	423
1904	423
1904	426
1905	426
1905	429
1906	429
1906	433
1907	433
1907	437
1906	437
1906	438
1907	438
1907	439
1908	439
1908	444
1909	444
1909	446
1908	446
1908	447
1909	447
1909	450
1910	450
1910	454
1909	454
1909	455
1910	455
1910	460
1909	460
1909	462
1910	462
1910	463
1909	463
1909	464
1910	464
1910	465
1909	465
1909	466
1910	466
1910	469
1909	469
1909	470
1910	470
1910	477
1909	477
1909	478
1910	478
1910	479
1909	479
1909	484
1908	484
1908	485
1907	485
1907	486
1908	486
1908	490
1907	490
1907	494
1906	494
1906	497
1905	497
1905	500
1904	500
1904	503
1903	503
1903	506
1901	506
1901	507
1902	507
1902	508
1901	508
1901	510
1900	510
1900	512
1899	512
1899	514
1897	514
1897	515
1898	515
1898	516
1897	516
1897	518
1896	518
1896	519
1895	519
1895	521
1894	521
1894	522
1893	522
1893	524
1892	524
1892	525
1891	525
1891	524
1889	524
1889	525
1890	525
1890	526
1891	526
1891	527
1890	527
1890	528
1889	528
1889	529
1888	529
1888	530
1887	530
1887	532
1886	532
1886	533
1885	533
1885	534
1884	534
1884	535
1883	535
1883	536
1882	536
1882	537
1881	537
1881	538
1880	538
1880	539
1879	539
1879	540
1878	540
1878	541
1877	541
1877	542
1876	542
1876	543
1875	543
1875	544
1874	544
1874	545
1873	545
1873	546
1872	546
1872	547
1871	547
1871	548
1869	548
1869	549
1868	549
1868	550
1867	550
1867	551
1866	551
1866	552
1865	552
1865	553
1864	553
1864	554
1862	554
1862	555
1861	555
1861	556
1860	556
1860	557
1858	557
1858	558
1857	558
1857	559
1856	559
1856	560
1855	560
1855	561
1854	561
1854	562
1853	562
1853	561
1852	561
1852	563
1851	563
1851	564
1849	564
1849	566
1847	566
1847	567
1846	567
1846	568
1844	568
1844	570
1843	570
1843	571
1841	571
1841	572
1840	572
1840	573
1838	573
1838	575
1836	575
1836	576
1835	576
1835	577
1834	577
1834	578
1833	578
1833	579
1832	579
1832	578
1831	578
1831	580
1830	580
1830	581
1829	581
1829	582
1828	582
1828	583
1826	583
1826	584
1825	584
1825	585
1824	585
1824	586
1823	586
1823	587
1822	587
1822	586
1821	586
1821	588
1820	588
1820	589
1819	589
1819	590
1818	590
1818	591
1816	591
1816	592
1815	592
1815	593
1814	593
1814	594
1813	594
1813	595
1812	595
1812	594
1811	594
1811	596
1810	596
1810	597
1809	597
1809	598
1808	598
1808	599
1806	599
1806	600
1805	600
1805	601
1804	601
1804	602
1803	602
1803	603
1802	603
1802	602
1801	602
1801	604
1800	604
1800	605
1798	605
1798	606
1797	606
1797	608
1795	608
1795	609
1794	609
1794	610
1793	610
1793	611
1792	611
1792	612
1790	612
1790	613
1789	613
1789	614
1788	614
1788	615
1787	615
1787	616
1785	616
1785	617
1784	617
1784	618
1783	618
1783	619
1782	619
1782	620
1780	620
1780	621
1779	621
1779	622
1778	622
1778	623
1777	623
1777	624
1775	624
1775	625
1774	625
1774	626
1773	626
1773	627
1772	627
1772	628
1770	628
1770	629
1769	629
1769	630
1767	630
1767	631
1766	631
1766	632
1765	632
1765	633
1764	633
1764	634
1763	634
1763	635
1761	635
1761	636
1760	636
1760	637
1759	637
1759	638
1758	638
1758	639
1757	639
1757	640
1755	640
1755	641
1754	641
1754	642
1752	642
1752	644
1751	644
1751	645
1749	645
1749	646
1748	646
1748	647
1747	647
1747	648
1746	648
1746	649
1744	649
1744	650
1743	650
1743	651
1742	651
1742	652
1741	652
1741	653
1740	653
1740	652
1739	652
1739	654
1738	654
1738	655
1737	655
1737	656
1736	656
1736	657
1734	657
1734	658
1733	658
1733	659
1732	659
1732	660
1731	660
1731	661
1729	661
1729	662
1728	662
1728	663
1727	663
1727	664
1726	664
1726	665
1724	665
1724	666
1722	666
1722	668
1721	668
1721	669
1720	669
1720	668
1719	668
1719	669
1718	669
1718	671
1717	671
1717	672
1716	672
1716	673
1714	673
1714	674
1713	674
1713	675
1712	675
1712	676
1711	676
1711	677
1708	677
1708	679
1707	679
1707	680
1706	680
1706	681
1705	681
1705	682
1703	682
1703	683
1702	683
1702	684
1701	684
1701	685
1700	685
1700	686
1698	686
1698	687
1697	687
1697	688
1696	688
1696	689
1695	689
1695	690
1694	690
1694	689
1693	689
1693	690
1692	690
1692	692
1691	692
1691	693
1690	693
1690	694
1688	694
1688	695
1687	695
1687	696
1686	696
1686	697
1685	697
1685	698
1683	698
1683	699
1681	699
1681	701
1680	701
1680	702
1678	702
1678	703
1677	703
1677	704
1676	704
1676	705
1674	705
1674	706
1673	706
1673	707
1672	707
1672	708
1671	708
1671	709
1669	709
1669	710
1667	710
1667	712
1665	712
1665	713
1664	713
1664	714
1663	714
1663	713
1662	713
1662	715
1661	715
1661	716
1660	716
1660	717
1658	717
1658	718
1657	718
1657	719
1655	719
1655	720
1653	720
1653	721
1652	721
1652	722
1650	722
1650	723
1648	723
1648	725
1646	725
1646	726
1644	726
1644	727
1641	727
1641	729
1640	729
1640	728
1639	728
1639	730
1637	730
1637	731
1635	731
1635	732
1633	732
1633	733
1631	733
1631	734
1627	734
1627	735
1626	735
1626	736
1623	736
1623	737
1619	737
1619	738
1617	738
1617	739
1613	739
1613	740
1607	740
1607	741
1606	741
1606	740
1605	740
1605	741
1604	741
1604	740
1603	740
1603	741
1592	741
1592	740
1589	740
1589	739
1588	739
1588	740
1587	740
1587	739
1586	739
1586	738
1585	738
1585	739
1583	739
1583	738
1582	738
1582	737
1581	737
1581	738
1580	738
1580	737
1578	737
1578	736
1575	736
1575	735
1574	735
1574	734
1572	734
1572	733
1570	733
1570	732
1568	732
1568	731
1567	731
1567	730
1565	730
1565	729
1564	729
1564	728
1563	728
1563	727
1562	727
1562	726
1560	726
1560	724
1559	724
1559	723
1557	723
1557	722
1556	722
1556	721
1555	721
1555	720
1554	720
1554	719
1553	719
1553	718
1552	718
1552	717
1551	717
1551	716
1550	716
1550	714
1548	714
1548	711
1546	711
1546	709
1545	709
1545	708
1543	708
1543	706
1542	706
1542	704
1540	704
1540	703
1539	703
1539	700
1537	700
1537	699
1536	699
1536	698
1535	698
1535	697
1534	697
1534	695
1533	695
1533	694
1532	694
1532	693
1531	693
1531	691
1529	691
1529	690
1530	690
1530	689
1529	689
1529	688
1527	688
1527	686
1525	686
1525	685
1524	685
1524	684
1523	684
1523	683
1522	683
1522	681
1520	681
1520	680
1519	680
1519	678
1518	678
1518	677
1519	677
1519	676
1517	676
1517	677
1515	677
1515	676
1514	676
1514	675
1513	675
1513	674
1512	674
1512	673
1510	673
1510	672
1509	672
1509	671
1508	671
1508	669
1507	669
1507	670
1506	670
1506	669
1505	669
1505	668
1503	668
1503	667
1502	667
1502	666
1500	666
1500	665
1499	665
1499	664
1497	664
1497	663
1496	663
1496	662
1494	662
1494	661
1492	661
1492	660
1491	660
1491	659
1489	659
1489	658
1488	658
1488	657
1486	657
1486	656
1484	656
1484	654
1482	654
1482	653
1479	653
1479	652
1478	652
1478	650
1477	650
1477	651
1476	651
1476	650
1474	650
1474	648
1471	648
1471	647
1470	647
1470	646
1469	646
1469	645
1467	645
1467	644
1465	644
1465	643
1463	643
1463	642
1461	642
1461	641
1460	641
1460	640
1458	640
1458	638
1455	638
1455	637
1454	637
1454	636
1452	636
1452	635
1451	635
1451	634
1449	634
1449	632
1447	632
1447	631
1445	631
1445	630
1444	630
1444	628
1443	628
1443	629
1442	629
1442	628
1441	628
1441	627
1440	627
1440	626
1439	626
1439	625
1437	625
1437	623
1436	623
1436	622
1434	622
1434	621
1433	621
1433	620
1431	620
1431	618
1430	618
1430	617
1427	617
1427	616
1426	616
1426	614
1424	614
1424	613
1423	613
1423	612
1422	612
1422	610
1421	610
1421	609
1420	609
1420	608
1418	608
1418	607
1417	607
1417	606
1416	606
1416	605
1415	605
1415	604
1413	604
1413	603
1412	603
1412	602
1411	602
1411	600
1410	600
1410	599
1409	599
1409	598
1408	598
1408	597
1407	597
1407	596
1406	596
1406	595
1405	595
1405	594
1404	594
1404	593
1403	593
1403	592
1402	592
1402	591
1401	591
1401	590
1400	590
1400	589
1399	589
1399	588
1398	588
1398	587
1397	587
1397	586
1396	586
1396	584
1395	584
1395	583
1394	583
1394	582
1393	582
1393	581
1392	581
1392	580
1391	580
1391	579
1390	579
1390	578
1389	578
1389	575
1387	575
1387	574
1386	574
1386	573
1385	573
1385	571
1384	571
1384	570
1383	570
1383	569
1382	569
1382	568
1381	568
1381	567
1380	567
1380	566
1379	566
1379	565
1380	565
1380	564
1378	564
1378	563
1377	563
1377	562
1376	562
1376	561
1375	561
1375	560
1374	560
1374	559
1375	559
1375	558
1373	558
1373	557
1372	557
1372	556
1371	556
1371	555
1370	555
1370	553
1369	553
1369	552
1368	552
1368	551
1367	551
1367	550
1366	550
1366	548
1365	548
1365	547
1364	547
1364	546
1363	546
1363	545
1362	545
1362	544
1361	544
1361	542
1360	542
1360	541
1359	541
1359	540
1358	540
1358	539
1357	539
1357	538
1358	538
1358	537
1356	537
1356	536
1355	536
1355	535
1354	535
1354	533
1353	533
1353	532
1352	532
1352	531
1351	531
1351	529
1350	529
1350	528
1349	528
1349	527
1348	527
1348	525
1347	525
1347	524
1346	524
1346	522
1345	522
1345	521
1344	521
1344	519
1343	519
1343	517
1342	517
1342	515
1341	515
1341	514
1340	514
1340	513
1339	513
1339	511
1338	511
1338	510
1337	510
1337	509
1338	509
1338	508
1336	508
1336	505
1335	505
1335	504
1334	504
1334	502
1333	502
1333	500
1332	500
1332	498
1331	498
1331	496
1330	496
1330	493
1329	493
1329	490
1328	490
1328	488
1327	488
1327	485
1328	485
1328	484
1326	484
1326	482
1327	482
1327	481
1325	481
1325	475
1324	475
1324	469
1323	469
1323	468
1324	468
1324	467
1323	467
1323	466
1325	466
1325	465
1323	465
1323	464
1324	464
1324	463
1323	463
1323	452
1325	452
1325	451
1324	451
1324	446
1325	446
1325	444
1326	444
1326	443
1325	443
1325	440
1326	440
1326	439
1327	439
1327	438
1326	438
1326	437
1327	437
1327	436
1328	436
1328	435
1327	435
1327	433
1328	433
1328	430
1329	430
1329	427
1330	427
1330	425
1331	425
1331	422
1332	422
1332	420
1333	420
1333	418
1334	418
1334	416
1335	416
1335	414
1336	414
1336	412
1338	412
1338	411
1337	411
1337	410
1338	410
1338	408
1339	408
1339	406
1340	406
1340	405
1341	405
1341	403
1342	403
1342	402
1343	402
1343	399
1344	399
1344	398
1345	398
1345	396
1346	396
1346	395
1347	395
1347	393
1348	393
1348	392
1349	392
1349	390
1350	390
1350	389
1351	389
1351	387
1352	387
1352	386
1353	386
1353	384
1354	384
1354	383
1355	383
1355	382
1356	382
1356	380
1357	380
1357	379
1358	379
1358	378
1359	378
1359	377
1360	377
1360	375
1361	375
1361	373
1362	373
1362	372
1363	372
1363	371
1364	371
1364	369
1365	369
1365	368
1366	368
1366	367
1367	367
1367	365
1368	365
1368	364
1370	364
1370	362
1371	362
1371	360
1372	360
1372	358
1373	358
1373	357
1374	357
1374	356
1375	356
1375	354
1376	354
1376	353
1377	353
1377	352
1378	352
1378	350
1379	350
1379	349
1380	349
1380	347
1381	347
1381	346
1382	346
1382	344
1383	344
1383	343
1384	343
1384	341
1386	341
1386	338
1387	338
1387	337
1388	337
1388	336
1389	336
1389	335
1390	335
1390	334
1392	334
1392	333
1391	333
1391	332
1392	332
1392	329
1393	329
1393	327
1395	327
1395	325
1396	325
1396	323
1397	323
1397	322
1398	322
1398	321
1397	321
1397	319
1398	319
1398	317
1399	317
1399	314
1400	314
1400	310
1401	310
1401	309
1402	309
1402	308
1401	308
1401	302
1400	302
1400	297
1399	297
1399	295
1398	295
1398	293
1397	293
1397	291
1396	291
1396	290
1395	290
1395	288
1394	288
1394	285
1392	285
1392	283
1391	283
1391	281
1390	281
1390	280
1389	280
1389	278
1388	278
1388	277
1387	277
1387	276
1388	276
1388	275
1387	275
1387	274
1385	274
1385	272
1384	272
1384	271
1383	271
1383	269
1382	269
1382	267
1381	267
1381	266
1380	266
1380	265
1379	265
1379	263
1378	263
1378	262
1377	262
1377	261
1378	261
1378	260
1377	260
1377	259
1375	259
1375	257
1374	257
1374	256
1373	256
1373	254
1372	254
1372	253
1371	253
1371	251
1370	251
1370	250
1369	250
1369	249
1370	249
1370	248
1368	248
1368	247
1367	247
1367	246
1366	246
1366	243
1364	243
1364	241
1363	241
1363	240
1362	240
1362	237
1360	237
1360	236
1359	236
1359	235
1360	235
1360	234
1358	234
1358	233
1357	233
1357	232
1356	232
1356	229
1354	229
1354	226
1353	226
1353	225
1351	225
1351	223
1350	223
1350	222
1351	222
1351	221
1349	221
1349	220
1348	220
1348	219
1347	219
1347	218
1346	218
1346	217
1345	217
1345	215
1344	215
1344	214
1343	214
1343	213
1342	213
1342	212
1343	212
1343	211
1341	211
1341	210
1340	210
1340	209
1339	209
1339	208
1338	208
1338	206
1337	206
1337	205
1336	205
1336	204
1335	204
1335	202
1334	202
1334	201
1333	201
1333	200
1332	200
1332	199
1331	199
1331	198
1332	198
1332	197
1330	197
1330	196
1329	196
1329	194
1327	194
1327	192
1326	192
1326	190
1324	190
1324	189
1323	189
1323	187
1322	187
1322	186
1321	186
1321	185
1320	185
1320	184
1319	184
1319	183
1318	183
1318	182
1319	182
1319	181
1318	181
1318	180
1316	180
1316	179
1315	179
1315	178
1314	178
1314	177
1313	177
1313	175
1312	175
1312	174
1311	174
1311	173
1310	173
1310	172
1309	172
1309	171
1308	171
1308	170
1307	170
1307	168
1306	168
1306	167
1305	167
1305	166
1304	166
1304	164
1302	164
1302	163
1301	163
1301	162
1302	162
1302	161
1300	161
1300	159
1298	159
1298	157
1297	157
1297	156
1296	156
1296	155
1294	155
1294	153
1293	153
1293	152
1292	152
1292	150
1291	150
1291	149
1290	149
1290	148
1288	148
1288	147
1287	147
1287	146
1286	146
1286	145
1285	145
1285	144
1284	144
1284	143
1283	143
1283	141
1282	141
1282	140
1281	140
1281	139
1280	139
1280	138
1279	138
1279	137
1278	137
1278	136
1277	136
1277	135
1276	135
1276	134
1275	134
1275	133
1274	133
1274	132
1273	132
1273	131
1272	131
1272	130
1271	130
1271	129
1270	129
1270	128
1269	128
1269	127
1268	127
1268	126
1267	126
1267	125
1266	125
1266	124
1265	124
1265	123
1264	123
1264	122
1263	122
1263	120
1262	120
1262	119
1261	119
1261	118
1260	118
1260	116
1258	116
1258	115
1257	115
1257	114
1256	114
1256	113
1255	113
1255	112
1254	112
1254	111
1253	111
1253	110
1252	110
1252	109
1251	109
1251	108
1250	108
1250	107
1248	107
1248	106
1247	106
1247	105
1246	105
1246	104
1245	104
1245	103
1244	103
1244	102
1243	102
1243	101
1242	101
1242	100
1241	100
1241	99
1240	99
1240	98
1244	98
1244	97
1246	97
1246	98
1247	98
1247	97
1254	97
1254	96
1264	96
1264	95
1275	95
1275	94
1276	94
1276	95
1277	95
1277	94
1286	94
1286	93
1287	93
1287	94
1288	94
1288	93
1292	93
1292	94
1293	94
1293	93
1298	93
1298	92
1307	92
1307	94
1308	94
1308	92
1310	92
1310	91
1314	91
1314	92
1316	92
1316	91
1324	91
1324	90
1334	90
1334	91
1335	91
1335	90
1340	90
1340	89
1348	89
1348	90
1349	90
1349	89
1357	89
1357	88
1358	88
1358	89
1359	89
1359	88
1378	88
1378	87
1381	87
1381	88
1382	88
1382	87
1398	87
1398	88
1399	88
1399	87
1405	87
1405	86
1414	86
1414	87
1415	87
1415	86
1416	86
1416	87
1417	87
1417	86
1419	86
1419	87
1420	87
1420	86
1421	86
1421	87
1422	87
1422	86
1433	86
1433	87
1434	87
1434	86
1436	86
1436	87
1437	87
1437	86
1452	86
1452	87
1453	87
1453	86
1455	86
1455	85
1488	85
1488	86
1489	86
1489	85
1490	85
1490	86
1491	86
1491	85
1492	85
1492	86
1494	86
1494	87
1495	87
1495	86
1518	86
1518	87
1519	87
1519	86
1527	86
1527	87
1528	87
1528	86
1536	86
1536	87
1537	87
1537	86
1538	86
1538	87
1539	87
1539	86
1542	86
1542	87
1556	87
1556	88
1557	88
1557	87
1561	87
1561	88
1562	88
1562	87
1569	87
1569	88
1585	88
1585	89
1586	89
1586	88
1590	88
1590	89
1596	89
1596	90
1597	90
1597	89
1605	89
1605	90
1606	90
1606	89
1607	89
1607	91
1608	91
1608	90
1610	90
1610	91
1611	91
1611	90
1614	90
1614	91
1615	91
1615	90
1621	90
1621	91
1622	91
1622	92
1623	92
1623	91
1636	91
1636	92
1637	92
1637	93
1638	93
1638	92
1642	92
1642	93
1643	93
1643	92
1649	92
1649	93
1661	93
1661	94
1665	94
1665	95
1666	95
1666	94
1669	94
1669	95
1670	95
1670	94
1673	94
1673	95
1676	95
1676	96
1677	96
1677	95
1683	95
1683	96
1693	96
1693	97
1703	97
1703	98
1705	98
1705	99
1706	99
1706	98
1708	98
1708	99
1709	99
1709	98
1711	98
1711	99
1721	99
1721	100
1730	100
1730	101
1736	101
1736	102
1737	102
1737	101
1738	101
1738	102
1739	102
1739	103
1740	103
1740	102
1746	102
1746	103
1754	103
1754	104
1762	104
1762	105
1763	105
1763	106
1764	106
1764	105
1766	105
1766	106
1767	106
1767	105
1769	105
1769	106
1770	106
1770	107
1771	107
1771	106
1774	106
1774	107
1775	107
1775	106
1776	106
1776	107
1777	107
1777	108
1778	108
1778	107
1783	107
1783	108
1785	108
1785	109
1786	109
1786	108
1789	108
1789	109
1793	109
1793	110
1794	110
1794	109
1795	109
1795	110
1796	110
1796	109
1797	109
1797	111
1798	111
1798	110
1803	110
1803	111
1805	111
1805	112
1806	112
1806	111
1807	111
1807	112
1808	112
1808	111
1811	111
1811	112
1816	112
1816	113
1817	113
1817	112
1818	112
1818	113
1822	113
1822	114
1823	114
1823	113
1827	113
1827	115
1828	115
1828	114
1830	114
1830	115
1831	115
1831	114
1835	114
1835	115
1836	115
1836	114
1838	114
1838	115
1841	115
1841	116
1842	116
1842	115
1851	115
1851	116
1852	116
1852	115
1853	115
1853	116
1854	116
1854	115
1865	115
1865	116
1866	116
1866	115
1870	115
1870	116
1871	116
1871	115
1874	115
1874	116
1875	116
1875	115
1879	115
1879	114
1886	114
1886	113
1889	113
1889	114
1891	114
1891	113
1892	113
1892	112
1897	112
1897	111
1899	111
1899	112
1900	112
1900	111
1901	111
1901	110
1903	110
1903	111
1904	111
1904	110
1905	110
1905	109
1908	109
1908	110
1907	110
1907	111
1905	111
1905	112
1903	112
1903	113
1902	113
1902	114
1900	114
1900	115
1898	115
1898	116
1896	116
1896	117
1895	117
1895	118
1893	118
1893	119
1891	119
1891	120
1890	120
1890	121
1888	121
1888	122
1887	122
1887	123
1885	123
1885	124
1883	124
1883	125
1882	125
1882	126
1880	126
1880	127
1879	127
1879	128
1877	128
1877	129
1876	129
1876	130
1874	130
1874	131
1873	131
1873	132
1872	132
1872	133
1870	133
1870	134
1869	134
1869	135
1867	135
1867	136
1866	136
1866	137
1865	137
1865	138
1863	138
1863	139
1862	139
1862	140
1861	140
1861	139
1860	139
1860	141
1858	141
1858	143
1857	143
1857	144
1855	144
1855	145
1853	145
1853	147
1852	147
1852	148
1850	148
1850	149
1849	149
1849	150
1848	150
1848	151
1847	151
1847	152
1845	152
1845	153
1844	153
1844	154
1841	154
1841	155
1842	155
1842	156
1841	156
1841	157
1840	157
1840	158
1839	158
1839	157
1838	157
1838	159
1836	159
1836	161
1835	161
1835	162
1834	162
1834	163
1833	163
1833	164
1832	164
1832	165
1831	165
1831	166
1829	166
1829	168
1828	168
1828	169
1826	169
1826	170
1825	170
1825	171
1824	171
1824	172
1823	172
1823	173
1822	173
1822	174
1821	174
1821	175
1820	175
1820	176
1819	176
1819	177
1818	177
1818	178
1817	178
1817	179
1816	179
1816	180
1815	180
1815	182
1814	182
1814	183
1813	183
1813	184
1812	184
1812	185
1811	185
1811	186
1810	186
1810	187
1809	187
1809	188
1808	188
1808	189
1807	189
1807	190
1806	190
1806	191
1805	191
1805	192
1804	192
1804	194
1803	194
1803	195
1802	195
1802	196
1801	196
1801	197
1800	197
1800	198
1799	198
1799	199
1798	199
1798	201
1797	201
1797	202
1796	202
1796	203
1793	203
1793	204
1794	204
1794	205
1793	205
1793	207
1792	207
1792	208
1791	208
1791	209
1790	209
1790	210
1789	210
1789	211
1788	211
1788	213
1787	213
1787	214
1785	214
1785	215
1786	215
1786	216
1785	216
1785	217
1783	217
1783	220
1782	220
1782	221
1781	221
1781	223
1780	223
1780	224
1779	224
1779	225
1778	225
1778	227
1777	227
1777	228
1776	228
1776	229
1775	229
1775	231
1774	231
1774	233
1773	233
1773	234
1771	234
1771	235
1772	235
1772	236
1771	236
1771	237
1769	237
1769	238
1770	238
1770	239
1769	239
1769	240
1768	240
1768	242
1767	242
1767	244
1766	244
1766	245
1765	245
1765	246
1764	246
1764	249
1763	249
1763	250
1762	250
1762	252
1761	252
1761	254
1760	254
1760	255
1759	255
1759	257
1758	257
1758	259
1757	259
1757	261
1756	261
1756	263
1755	263
1755	264
1754	264
1754	266
1753	266
1753	268
1752	268
1752	269
1751	269
1751	272
1750	272
1750	274
1749	274
1749	276
1747	276
1747	277
1748	277
1748	278
1747	278
1747	280
1746	280
