1701	1026
1702	1026
1702	1029
1703	1029
1703	1032
1704	1032
1704	1036
1705	1036
1705	1039
1706	1039
1706	1042
1707	1042
1707	1045
1708	1045
1708	1049
1709	1049
1709	1051
1710	1051
1710	1053
1709	1053
1709	1054
1710	1054
1710	1055
1711	1055
1711	1056
1710	1056
1710	1057
1711	1057
1711	1058
1712	1058
1712	1061
1713	1061
1713	1064
1714	1064
1714	1068
1715	1068
1715	1071
1716	1071
1716	1074
1717	1074
1717	1075
1716	1075
1716	1076
1717	1076
1717	1078
1718	1078
1718	1081
1719	1081
1719	1084
1720	1084
1720	1086
1719	1086
1719	1087
1721	1087
1721	1091
1722	1091
1722	1094
1723	1094
1723	1098
1724	1098
1724	1099
1723	1099
1723	1100
1724	1100
1724	1102
1725	1102
1725	1104
1726	1104
1726	1107
1725	1107
1725	1108
1727	1108
1727	1111
1728	1111
1728	1114
1729	1114
1729	1118
1730	1118
1730	1121
1731	1121
1731	1124
1730	1124
1730	1125
1732	1125
1732	1128
1733	1128
1733	1130
1732	1130
1732	1131
1733	1131
1733	1132
1734	1132
1734	1133
1733	1133
1733	1135
1734	1135
1734	1136
1735	1136
1735	1139
1736	1139
1736	1141
1735	1141
1735	1142
1736	1142
1736	1143
1737	1143
1737	1147
1738	1147
1738	1150
1739	1150
1739	1154
1740	1154
1740	1156
1739	1156
1739	1157
1740	1157
1740	1158
1741	1158
1741	1159
1740	1159
1740	1160
1741	1160
1741	1162
1742	1162
1742	1165
1743	1165
1743	1167
1742	1167
1742	1168
1743	1168
1743	1169
1744	1169
1744	1173
1745	1173
1745	1177
1746	1177
1746	1181
1747	1181
1747	1183
1746	1183
1746	1184
1747	1184
1747	1185
1748	1185
1748	1186
1747	1186
1747	1187
1748	1187
1748	1188
1747	1188
1747	1189
1748	1189
1748	1190
1749	1190
1749	1191
1748	1191
1748	1192
1749	1192
1749	1193
1750	1193
1750	1194
1749	1194
1749	1195
1750	1195
1750	1197
1751	1197
1751	1198
1750	1198
1750	1199
1751	1199
1751	1202
1752	1202
1752	1205
1751	1205
1751	1206
1753	1206
1753	1208
1752	1208
1752	1209
1753	1209
1753	1210
1754	1210
1754	1213
1753	1213
1753	1214
1754	1214
1754	1215
1755	1215
1755	1216
1754	1216
1754	1217
1755	1217
1755	1218
1754	1218
1754	1219
1756	1219
1756	1220
1755	1220
1755	1221
1756	1221
1756	1224
1757	1224
1757	1228
1758	1228
1758	1229
1757	1229
1757	1230
1758	1230
1758	1233
1759	1233
1759	1237
1758	1237
1758	1238
1760	1238
1760	1244
1761	1244
1761	1248
1762	1248
1762	1252
1761	1252
1761	1253
1763	1253
1763	1259
1764	1259
1764	1262
1763	1262
1763	1263
1765	1263
1765	1269
1766	1269
1766	1270
1765	1270
1765	1271
1766	1271
1766	1274
1765	1274
1765	1275
1767	1275
1767	1276
1766	1276
1766	1277
1767	1277
1767	1280
1768	1280
1768	1287
1769	1287
1769	1293
1770	1293
1770	1298
1769	1298
1769	1299
1771	1299
1771	1300
1770	1300
1770	1301
1771	1301
1771	1302
1770	1302
1770	1303
1771	1303
1771	1306
1772	1306
1772	1314
1773	1314
1773	1321
1774	1321
1774	1322
1773	1322
1773	1323
1774	1323
1774	1330
1775	1330
1775	1335
1774	1335
1774	1336
1775	1336
1775	1339
1776	1339
1776	1349
1777	1349
1777	1350
1776	1350
1776	1351
1777	1351
1777	1360
1778	1360
1778	1361
1777	1361
1777	1362
1778	1362
1778	1365
1777	1365
1777	1366
1778	1366
1778	1371
1776	1371
1776	1372
1778	1372
1778	1373
1779	1373
1779	1375
1778	1375
1778	1377
1779	1377
1779	1381
1778	1381
1778	1382
1779	1382
1779	1383
1778	1383
1778	1384
1779	1384
1779	1391
1780	1391
1780	1399
1779	1399
1779	1400
1780	1400
1780	1404
1779	1404
1779	1405
1780	1405
1780	1410
1779	1410
1779	1411
1780	1411
1780	1412
1779	1412
1779	1413
1780	1413
1780	1416
1781	1416
1781	1419
1780	1419
1780	1420
1781	1420
1781	1421
1780	1421
1780	1422
1781	1422
1781	1426
1780	1426
1780	1427
1781	1427
1781	1435
1780	1435
1780	1436
1781	1436
1781	1442
1780	1442
1780	1443
1782	1443
1782	1445
1781	1445
1781	1446
1782	1446
1782	1447
1781	1447
1781	1448
1782	1448
1782	1457
1781	1457
1781	1458
1782	1458
1782	1463
1783	1463
1783	1469
1782	1469
1782	1470
1783	1470
1783	1478
1784	1478
1784	1491
1785	1491
1785	1499
1786	1499
1786	1500
1785	1500
1785	1501
1786	1501
1786	1507
1785	1507
1785	1508
1787	1508
1787	1509
1786	1509
1786	1510
1787	1510
1787	1514
1786	1514
1786	1515
1788	1515
1788	1521
1789	1521
1789	1525
1788	1525
1788	1526
1789	1526
1789	1527
1790	1527
1790	1532
1791	1532
1791	1533
1790	1533
1790	1534
1791	1534
1791	1537
1792	1537
1792	1539
1791	1539
1791	1540
1792	1540
1792	1541
1793	1541
1793	1545
1794	1545
1794	1549
1795	1549
1795	1553
1796	1553
1796	1557
1797	1557
1797	1560
1798	1560
1798	1563
1799	1563
1799	1566
1800	1566
1800	1569
1801	1569
1801	1572
1802	1572
1802	1574
1803	1574
1803	1577
1804	1577
1804	1581
1805	1581
1805	1582
1806	1582
1806	1584
1807	1584
1807	1588
1808	1588
1808	1589
1809	1589
1809	1591
1810	1591
1810	1593
1811	1593
1811	1595
1812	1595
1812	1597
1813	1597
1813	1599
1814	1599
1814	1598
1815	1598
1815	1588
1816	1588
1816	1587
1815	1587
1815	1586
1816	1586
1816	1575
1817	1575
1817	1573
1818	1573
1818	1572
1817	1572
1817	1566
1819	1566
1819	1565
1817	1565
1817	1563
1818	1563
1818	1556
1819	1556
1819	1557
1820	1557
1820	1555
1818	1555
1818	1551
1819	1551
1819	1549
1820	1549
1820	1548
1819	1548
1819	1547
1820	1547
1820	1546
1819	1546
1819	1545
1820	1545
1820	1544
1819	1544
1819	1540
1820	1540
1820	1533
1821	1533
1821	1532
1820	1532
1820	1527
1821	1527
1821	1522
1822	1522
1822	1521
1821	1521
1821	1517
1822	1517
1822	1516
1821	1516
1821	1515
1822	1515
1822	1514
1823	1514
1823	1513
1822	1513
1822	1509
1823	1509
1823	1508
1822	1508
1822	1503
1823	1503
1823	1491
1824	1491
1824	1479
1827	1479
1827	1478
1825	1478
1825	1477
1826	1477
1826	1476
1825	1476
1825	1471
1826	1471
1826	1470
1825	1470
1825	1468
1826	1468
1826	1467
1827	1467
1827	1466
1826	1466
1826	1460
1827	1460
1827	1459
1826	1459
1826	1458
1827	1458
1827	1457
1826	1457
1826	1456
1827	1456
1827	1444
1828	1444
1828	1438
1829	1438
1829	1437
1828	1437
1828	1434
1829	1434
1829	1433
1828	1433
1828	1432
1829	1432
1829	1422
1830	1422
1830	1421
1829	1421
1829	1420
1830	1420
1830	1416
1831	1416
1831	1415
1830	1415
1830	1408
1831	1408
1831	1396
1832	1396
1832	1384
1833	1384
1833	1379
1834	1379
1834	1378
1833	1378
1833	1377
1834	1377
1834	1376
1833	1376
1833	1373
1834	1373
1834	1372
1835	1372
1835	1371
1834	1371
1834	1368
1835	1368
1835	1367
1834	1367
1834	1366
1835	1366
1835	1365
1834	1365
1834	1364
1835	1364
1835	1363
1834	1363
1834	1361
1835	1361
1835	1355
1836	1355
1836	1354
1835	1354
1835	1351
1836	1351
1836	1350
1835	1350
1835	1349
1836	1349
1836	1342
1837	1342
1837	1341
1836	1341
1836	1339
1837	1339
1837	1338
1836	1338
1836	1337
1837	1337
1837	1326
1838	1326
1838	1323
1839	1323
1839	1322
1838	1322
1838	1313
1839	1313
1839	1305
1840	1305
1840	1304
1839	1304
1839	1301
1840	1301
1840	1289
1841	1289
1841	1287
1842	1287
1842	1286
1841	1286
1841	1285
1842	1285
1842	1284
1841	1284
1841	1277
1842	1277
1842	1268
1843	1268
1843	1267
1842	1267
1842	1266
1844	1266
1844	1265
1843	1265
1843	1254
1845	1254
1845	1253
1844	1253
1844	1252
1845	1252
1845	1251
1844	1251
1844	1250
1845	1250
1845	1249
1844	1249
1844	1242
1845	1242
1845	1230
1846	1230
1846	1228
1847	1228
1847	1227
1846	1227
1846	1226
1847	1226
1847	1225
1846	1225
1846	1223
1847	1223
1847	1222
1846	1222
1846	1219
1847	1219
1847	1214
1848	1214
1848	1213
1847	1213
1847	1206
1848	1206
1848	1199
1849	1199
1849	1198
1848	1198
1848	1194
1849	1194
1849	1190
1850	1190
1850	1189
1849	1189
1849	1188
1850	1188
1850	1187
1849	1187
1849	1186
1850	1186
1850	1185
1849	1185
1849	1182
1850	1182
1850	1178
1851	1178
1851	1177
1850	1177
1850	1171
1851	1171
1851	1166
1852	1166
1852	1165
1851	1165
1851	1164
1852	1164
1852	1163
1851	1163
1851	1159
1852	1159
1852	1151
1853	1151
1853	1150
1852	1150
1852	1147
1853	1147
1853	1135
1855	1135
1855	1134
1854	1134
1854	1123
1855	1123
1855	1121
1856	1121
1856	1120
1855	1120
1855	1117
1856	1117
1856	1116
1855	1116
1855	1111
1856	1111
1856	1103
1857	1103
1857	1102
1856	1102
1856	1101
1857	1101
1857	1100
1856	1100
1856	1099
1857	1099
1857	1091
1858	1091
1858	1090
1857	1090
1857	1087
1859	1087
1859	1086
1858	1086
1858	1083
1859	1083
1859	1082
1858	1082
1858	1080
1859	1080
1859	1079
1858	1079
1858	1075
1860	1075
1860	1074
1859	1074
1859	1064
1860	1064
1860	1055
1861	1055
1861	1054
1860	1054
1860	1052
1861	1052
1861	1046
1862	1046
1862	1045
1861	1045
1861	1042
1862	1042
1862	1041
1861	1041
1861	1040
1862	1040
1862	1039
1863	1039
1863	1038
1862	1038
1862	1034
1863	1034
1863	1033
1862	1033
1862	1028
1863	1028
1863	1016
1864	1016
1864	1005
1865	1005
1865	993
1866	993
1866	991
1867	991
1867	989
1866	989
1866	988
1867	988
1867	987
1866	987
1866	985
1867	985
1867	976
1868	976
1868	974
1869	974
1869	972
1868	972
1868	970
1870	970
1870	969
1869	969
1869	964
1870	964
1870	963
1871	963
1871	962
1870	962
1870	960
1871	960
1871	955
1872	955
1872	952
1873	952
1873	951
1874	951
1874	950
1873	950
1873	948
1874	948
1874	947
1875	947
1875	946
1874	946
1874	944
1875	944
1875	942
1876	942
1876	941
1877	941
1877	940
1876	940
1876	938
1877	938
1877	936
1878	936
1878	933
1880	933
1880	932
1879	932
1879	931
1880	931
1880	929
1881	929
1881	927
1882	927
1882	925
1883	925
1883	923
1884	923
1884	921
1885	921
1885	919
1886	919
1886	918
1887	918
1887	916
1888	916
1888	915
1889	915
1889	913
1890	913
1890	912
1891	912
1891	910
1892	910
1892	909
1894	909
1894	907
1895	907
1895	905
1896	905
1896	904
1897	904
1897	903
1898	903
1898	902
1899	902
1899	901
1901	901
1901	899
1902	899
1902	898
1903	898
1903	897
1904	897
1904	896
1905	896
1905	895
1906	895
1906	894
1908	894
1908	893
1909	893
1909	892
1910	892
1910	891
1911	891
1911	892
1912	892
1912	890
1914	890
1914	889
1915	889
1915	888
1916	888
1916	887
1918	887
1918	886
1920	886
1920	885
1922	885
1922	884
1924	884
1924	883
1926	883
1926	884
1927	884
1927	883
1928	883
1928	882
1929	882
1929	881
1932	881
1932	882
1933	882
1933	881
1934	881
1934	880
1937	880
1937	879
1938	879
1938	880
1939	880
1939	879
1943	879
1943	878
1947	878
1947	879
1948	879
1948	878
1951	878
1951	879
1956	879
1956	880
1959	880
1959	881
1961	881
1961	882
1962	882
1962	883
1963	883
1963	884
1965	884
1965	885
1966	885
1966	887
1967	887
1967	888
1968	888
1968	891
1969	891
1969	892
1970	892
1970	894
1969	894
1969	895
1971	895
1971	899
1972	899
1972	900
1971	900
1971	901
1972	901
1972	912
1971	912
1971	913
1972	913
1972	915
1971	915
1971	916
1972	916
1972	922
1971	922
1971	923
1972	923
1972	925
1971	925
1971	931
1970	931
1970	932
1971	932
1971	934
1969	934
1969	935
1970	935
1970	941
1969	941
1969	948
1968	948
1968	954
1967	954
1967	955
1966	955
1966	956
1967	956
1967	959
1966	959
1966	964
1965	964
1965	965
1964	965
1964	966
1965	966
1965	969
1964	969
1964	974
1962	974
1962	975
1963	975
1963	977
1962	977
1962	982
1961	982
1961	986
1960	986
1960	989
1959	989
1959	994
1958	994
1958	996
1957	996
1957	997
1956	997
1956	998
1957	998
1957	1001
1956	1001
1956	1004
1955	1004
1955	1005
1954	1005
1954	1006
1955	1006
1955	1008
1954	1008
1954	1011
1953	1011
1953	1015
1952	1015
1952	1018
1951	1018
1951	1020
1950	1020
1950	1021
1951	1021
1951	1022
1950	1022
1950	1025
1949	1025
1949	1028
1947	1028
1947	1029
1948	1029
1948	1031
1947	1031
1947	1033
1946	1033
1946	1038
1945	1038
1945	1041
1944	1041
1944	1044
1943	1044
1943	1045
1942	1045
1942	1046
1943	1046
1943	1047
1942	1047
1942	1050
1941	1050
1941	1053
1939	1053
1939	1054
1940	1054
1940	1056
1939	1056
1939	1059
1938	1059
1938	1061
1937	1061
1937	1062
1938	1062
1938	1063
1937	1063
1937	1066
1936	1066
1936	1068
1935	1068
1935	1069
1934	1069
1934	1070
1935	1070
1935	1071
1934	1071
1934	1075
1933	1075
1933	1079
1932	1079
1932	1082
1931	1082
1931	1085
1930	1085
1930	1088
1929	1088
1929	1090
1928	1090
1928	1091
1929	1091
1929	1092
1928	1092
1928	1095
1927	1095
1927	1098
1926	1098
1926	1100
1925	1100
1925	1101
1926	1101
1926	1102
1925	1102
1925	1105
1924	1105
1924	1109
1923	1109
1923	1113
1922	1113
1922	1114
1921	1114
1921	1115
1922	1115
1922	1116
1921	1116
1921	1120
1920	1120
1920	1121
1919	1121
1919	1122
1920	1122
1920	1124
1919	1124
1919	1128
1918	1128
1918	1131
1917	1131
1917	1132
1916	1132
1916	1134
1917	1134
1917	1137
1916	1137
1916	1141
1915	1141
1915	1146
1914	1146
1914	1147
1913	1147
1913	1148
1914	1148
1914	1151
1913	1151
1913	1155
1912	1155
1912	1162
1911	1162
1911	1163
1910	1163
1910	1164
1911	1164
1911	1166
1910	1166
1910	1167
1911	1167
1911	1169
1910	1169
1910	1176
1909	1176
1909	1178
1908	1178
1908	1179
1909	1179
1909	1182
1908	1182
1908	1183
1909	1183
1909	1185
1908	1185
1908	1193
1907	1193
1907	1194
1908	1194
1908	1195
1907	1195
1907	1204
1906	1204
1906	1205
1907	1205
1907	1208
1906	1208
1906	1212
1905	1212
1905	1214
1906	1214
1906	1218
1905	1218
1905	1219
1906	1219
1906	1221
1905	1221
1905	1222
1906	1222
1906	1226
1905	1226
1905	1227
1906	1227
1906	1230
1905	1230
1905	1243
1904	1243
1904	1244
1905	1244
1905	1246
1904	1246
1904	1247
1905	1247
1905	1264
1904	1264
1904	1265
1905	1265
1905	1270
1904	1270
1904	1271
1905	1271
1905	1282
1906	1282
1906	1283
1905	1283
1905	1284
1906	1284
1906	1285
1905	1285
1905	1286
1906	1286
1906	1287
1905	1287
1905	1289
1906	1289
1906	1290
1905	1290
1905	1291
1906	1291
1906	1299
1905	1299
1905	1300
1906	1300
1906	1302
1905	1302
1905	1303
1906	1303
1906	1305
1905	1305
1905	1306
1906	1306
1906	1310
1905	1310
1905	1311
1906	1311
1906	1313
1907	1313
1907	1318
1906	1318
1906	1319
1907	1319
1907	1320
1906	1320
1906	1321
1907	1321
1907	1329
1905	1329
1905	1330
1907	1330
1907	1332
1906	1332
1906	1333
1907	1333
1907	1338
1906	1338
1906	1339
1908	1339
1908	1341
1907	1341
1907	1342
1908	1342
1908	1343
1907	1343
1907	1344
1908	1344
1908	1345
1907	1345
1907	1346
1908	1346
1908	1355
1907	1355
1907	1356
1908	1356
1908	1366
1909	1366
1909	1373
1908	1373
1908	1374
1909	1374
1909	1377
1908	1377
1908	1379
1909	1379
1909	1392
1908	1392
1908	1393
1909	1393
1909	1397
1910	1397
1910	1400
1909	1400
1909	1401
1910	1401
1910	1404
1909	1404
1909	1405
1910	1405
1910	1406
1909	1406
1909	1407
1910	1407
1910	1412
1909	1412
1909	1413
1910	1413
1910	1414
1909	1414
1909	1415
1910	1415
1910	1434
1908	1434
1908	1435
1910	1435
1910	1436
1911	1436
1911	1439
1910	1439
1910	1440
1911	1440
1911	1460
1910	1460
1910	1461
1911	1461
1911	1462
1910	1462
1910	1463
1911	1463
1911	1481
1910	1481
1910	1482
1911	1482
1911	1544
1910	1544
1910	1545
1911	1545
1911	1549
1910	1549
1910	1550
1911	1550
1911	1551
1910	1551
1910	1552
1911	1552
1911	1562
1910	1562
1910	1563
1911	1563
1911	1567
1910	1567
1910	1568
1911	1568
1911	1571
1909	1571
1909	1572
1910	1572
1910	1579
1909	1579
1909	1580
1910	1580
1910	1582
1909	1582
1909	1583
1910	1583
1910	1584
1909	1584
1909	1585
1910	1585
1910	1594
1909	1594
1909	1595
1910	1595
1910	1601
1909	1601
1909	1612
1908	1612
1908	1613
1909	1613
1909	1614
1908	1614
1908	1615
1909	1615
1909	1616
1908	1616
1908	1617
1909	1617
1909	1623
1908	1623
1908	1628
1907	1628
1907	1629
1908	1629
1908	1630
1906	1630
1906	1631
1908	1631
1908	1640
1907	1640
1907	1643
1906	1643
1906	1644
1907	1644
1907	1655
1906	1655
1906	1657
1905	1657
1905	1658
1906	1658
1906	1662
1905	1662
1905	1663
1906	1663
1906	1669
1905	1669
1905	1674
1904	1674
1904	1675
1905	1675
1905	1681
1904	1681
1904	1692
1903	1692
1903	1693
1902	1693
1902	1694
1903	1694
1903	1700
1902	1700
1902	1701
1903	1701
1903	1702
1902	1702
1902	1705
1901	1705
1901	1706
1902	1706
1902	1707
1901	1707
1901	1708
1902	1708
1902	1712
1900	1712
1900	1713
1901	1713
1901	1718
1900	1718
1900	1719
1901	1719
1901	1721
1900	1721
1900	1723
1899	1723
1899	1724
1900	1724
1900	1729
1899	1729
1899	1730
1898	1730
1898	1731
1899	1731
1899	1733
1898	1733
1898	1734
1899	1734
1899	1735
1898	1735
1898	1736
1899	1736
1899	1737
1898	1737
1898	1745
1897	1745
1897	1752
1896	1752
1896	1760
1895	1760
1895	1764
1894	1764
1894	1765
1895	1765
1895	1766
1894	1766
1894	1769
1893	1769
1893	1770
1894	1770
1894	1773
1893	1773
1893	1780
1892	1780
1892	1783
1891	1783
1891	1784
1892	1784
1892	1786
1890	1786
1890	1787
1891	1787
1891	1790
1890	1790
1890	1796
1889	1796
1889	1801
1888	1801
1888	1802
1887	1802
1887	1803
1888	1803
1888	1805
1887	1805
1887	1808
1886	1808
1886	1811
1885	1811
1885	1812
1884	1812
1884	1813
1885	1813
1885	1815
1884	1815
1884	1817
1883	1817
1883	1820
1881	1820
1881	1821
1882	1821
1882	1822
1881	1822
1881	1824
1880	1824
1880	1826
1879	1826
1879	1828
1878	1828
1878	1830
1876	1830
1876	1833
1875	1833
1875	1834
1874	1834
1874	1836
1873	1836
1873	1837
1872	1837
1872	1838
1871	1838
1871	1839
1870	1839
1870	1840
1868	1840
1868	1842
1867	1842
1867	1843
1866	1843
1866	1844
1865	1844
1865	1845
1863	1845
1863	1847
1862	1847
1862	1848
1860	1848
1860	1849
1859	1849
1859	1850
1858	1850
1858	1849
1857	1849
1857	1851
1856	1851
1856	1852
1854	1852
1854	1853
1851	1853
1851	1854
1850	1854
1850	1855
1848	1855
1848	1856
1846	1856
1846	1857
1842	1857
1842	1858
1841	1858
1841	1857
1840	1857
1840	1859
1836	1859
1836	1860
1832	1860
1832	1861
1826	1861
1826	1862
1825	1862
1825	1861
1824	1861
1824	1862
1808	1862
1808	1861
1807	1861
1807	1862
1804	1862
1804	1860
1803	1860
1803	1861
1801	1861
1801	1860
1800	1860
1800	1861
1797	1861
1797	1860
1793	1860
1793	1859
1792	1859
1792	1858
1791	1858
1791	1859
1788	1859
1788	1857
1787	1857
1787	1858
1785	1858
1785	1857
1784	1857
1784	1856
1783	1856
1783	1857
1782	1857
1782	1856
1779	1856
1779	1855
1777	1855
1777	1854
1774	1854
1774	1853
1772	1853
1772	1852
1770	1852
1770	1851
1768	1851
1768	1850
1766	1850
1766	1849
1765	1849
1765	1848
1763	1848
1763	1847
1761	1847
1761	1846
1759	1846
1759	1845
1758	1845
1758	1844
1757	1844
1757	1843
1755	1843
1755	1842
1754	1842
1754	1841
1752	1841
1752	1840
1750	1840
1750	1839
1749	1839
1749	1838
1748	1838
1748	1837
1749	1837
1749	1836
1747	1836
1747	1837
1746	1837
1746	1836
1745	1836
1745	1835
1744	1835
1744	1834
1742	1834
1742	1833
1741	1833
1741	1832
1740	1832
1740	1831
1739	1831
1739	1830
1738	1830
1738	1829
1736	1829
1736	1828
1735	1828
1735	1827
1734	1827
1734	1826
1733	1826
1733	1825
1732	1825
1732	1824
1730	1824
1730	1823
1729	1823
1729	1822
1728	1822
1728	1821
1727	1821
1727	1820
1726	1820
1726	1819
1725	1819
1725	1818
1724	1818
1724	1817
1723	1817
1723	1816
1722	1816
1722	1815
1721	1815
1721	1814
1720	1814
1720	1813
1719	1813
1719	1812
1718	1812
1718	1811
1717	1811
1717	1810
1716	1810
1716	1809
1715	1809
1715	1808
1714	1808
1714	1807
1713	1807
1713	1806
1714	1806
1714	1805
1712	1805
1712	1804
1711	1804
1711	1802
1710	1802
1710	1800
1709	1800
1709	1801
1708	1801
1708	1800
1707	1800
1707	1799
1706	1799
1706	1798
1705	1798
1705	1795
1703	1795
1703	1794
1702	1794
1702	1793
1701	1793
1701	1792
1700	1792
1700	1790
1699	1790
1699	1788
1697	1788
1697	1787
1696	1787
1696	1785
1695	1785
1695	1784
1694	1784
1694	1783
1693	1783
1693	1781
1692	1781
1692	1780
1691	1780
1691	1779
1690	1779
1690	1777
1689	1777
1689	1776
1688	1776
1688	1775
1687	1775
1687	1772
1685	1772
1685	1771
1684	1771
1684	1769
1683	1769
1683	1768
1682	1768
1682	1765
1680	1765
1680	1764
1679	1764
1679	1762
1678	1762
1678	1761
1677	1761
1677	1759
1676	1759
1676	1757
1675	1757
1675	1756
1674	1756
1674	1754
1673	1754
1673	1753
1672	1753
1672	1752
1671	1752
1671	1750
1670	1750
1670	1748
1669	1748
1669	1747
1670	1747
1670	1746
1668	1746
1668	1745
1667	1745
1667	1744
1666	1744
1666	1742
1665	1742
1665	1741
1664	1741
1664	1739
1663	1739
1663	1738
1662	1738
1662	1736
1661	1736
1661	1734
1660	1734
1660	1733
1659	1733
1659	1731
1658	1731
1658	1730
1657	1730
1657	1728
1656	1728
1656	1726
1655	1726
1655	1725
1654	1725
1654	1724
1655	1724
1655	1723
1653	1723
1653	1721
1652	1721
1652	1719
1651	1719
1651	1718
1650	1718
1650	1716
1649	1716
1649	1715
1648	1715
1648	1713
1647	1713
1647	1711
1646	1711
1646	1709
1645	1709
1645	1707
1644	1707
1644	1706
1643	1706
1643	1704
1642	1704
1642	1702
1641	1702
1641	1701
1640	1701
1640	1699
1639	1699
1639	1697
1638	1697
1638	1695
1637	1695
1637	1694
1636	1694
1636	1692
1635	1692
1635	1690
1634	1690
1634	1689
1633	1689
1633	1687
1632	1687
1632	1685
1631	1685
1631	1683
1630	1683
1630	1681
1629	1681
1629	1680
1628	1680
1628	1679
1629	1679
1629	1678
1627	1678
1627	1676
1626	1676
1626	1674
1625	1674
1625	1673
1624	1673
1624	1670
1623	1670
1623	1669
1622	1669
1622	1667
1621	1667
1621	1666
1620	1666
1620	1664
1619	1664
1619	1662
1618	1662
1618	1661
1617	1661
1617	1659
1616	1659
1616	1657
1615	1657
1615	1654
1613	1654
1613	1652
1612	1652
1612	1650
1611	1650
1611	1648
1610	1648
1610	1647
1609	1647
1609	1645
1608	1645
1608	1643
1607	1643
1607	1641
1606	1641
1606	1640
1605	1640
1605	1638
1604	1638
1604	1636
1603	1636
1603	1633
1601	1633
1601	1631
1600	1631
1600	1628
1599	1628
1599	1627
1598	1627
1598	1626
1597	1626
1597	1624
1596	1624
1596	1622
1595	1622
1595	1620
1594	1620
1594	1618
1593	1618
1593	1617
1592	1617
1592	1615
1591	1615
1591	1613
1590	1613
1590	1610
1589	1610
1589	1609
1588	1609
1588	1608
1587	1608
1587	1606
1586	1606
1586	1604
1585	1604
1585	1602
1584	1602
1584	1600
1583	1600
1583	1599
1582	1599
1582	1597
1581	1597
1581	1594
1580	1594
1580	1592
1579	1592
1579	1591
1578	1591
1578	1589
1577	1589
1577	1587
1576	1587
1576	1586
1575	1586
1575	1584
1574	1584
1574	1582
1573	1582
1573	1580
1572	1580
1572	1578
1571	1578
1571	1576
1570	1576
1570	1573
1568	1573
1568	1570
1567	1570
1567	1569
1566	1569
1566	1567
1565	1567
1565	1566
1566	1566
1566	1565
1564	1565
1564	1564
1565	1564
1565	1563
1563	1563
1563	1561
1562	1561
1562	1558
1560	1558
1560	1557
1561	1557
1561	1556
1559	1556
1559	1554
1558	1554
1558	1552
1557	1552
1557	1550
1556	1550
1556	1548
1555	1548
1555	1546
1554	1546
1554	1544
1553	1544
1553	1543
1554	1543
1554	1542
1553	1542
1553	1541
1552	1541
1552	1540
1551	1540
1551	1539
1550	1539
1550	1537
1549	1537
1549	1535
1548	1535
1548	1533
1547	1533
1547	1531
1546	1531
1546	1530
1547	1530
1547	1529
1545	1529
1545	1527
1544	1527
1544	1524
1543	1524
1543	1523
1542	1523
1542	1522
1543	1522
1543	1521
1542	1521
1542	1519
1541	1519
1541	1518
1540	1518
1540	1517
1539	1517
1539	1516
1538	1516
1538	1514
1537	1514
1537	1513
1538	1513
1538	1512
1536	1512
1536	1510
1535	1510
1535	1508
1534	1508
1534	1505
1533	1505
1533	1504
1532	1504
1532	1502
1531	1502
1531	1500
1530	1500
1530	1498
1529	1498
1529	1496
1528	1496
1528	1493
1527	1493
1527	1492
1526	1492
1526	1491
1527	1491
1527	1490
1525	1490
1525	1488
1524	1488
1524	1486
1523	1486
1523	1484
1522	1484
1522	1483
1521	1483
1521	1482
1522	1482
1522	1481
1520	1481
1520	1479
1519	1479
1519	1477
1518	1477
1518	1474
1517	1474
1517	1473
1516	1473
1516	1470
1515	1470
1515	1469
1514	1469
1514	1467
1513	1467
1513	1465
1512	1465
1512	1463
1511	1463
1511	1461
1510	1461
1510	1458
1509	1458
1509	1457
1508	1457
1508	1454
1507	1454
1507	1453
1506	1453
1506	1451
1505	1451
1505	1450
1504	1450
1504	1448
1503	1448
1503	1446
1502	1446
1502	1444
1501	1444
1501	1441
1500	1441
1500	1440
1499	1440
1499	1438
1498	1438
1498	1436
1497	1436
1497	1434
1496	1434
1496	1432
1495	1432
1495	1430
1494	1430
1494	1429
1495	1429
1495	1428
1494	1428
1494	1427
1493	1427
1493	1426
1492	1426
1492	1424
1491	1424
1491	1422
1490	1422
1490	1420
1489	1420
1489	1419
1488	1419
1488	1417
1487	1417
1487	1415
1486	1415
1486	1414
1487	1414
1487	1413
1485	1413
1485	1412
1486	1412
1486	1411
1484	1411
1484	1409
1483	1409
1483	1407
1482	1407
1482	1405
1481	1405
1481	1403
1480	1403
1480	1401
1479	1401
1479	1399
1478	1399
1478	1396
1477	1396
1477	1395
1476	1395
1476	1394
1475	1394
1475	1392
1474	1392
1474	1391
1476	1391
1476	1390
1473	1390
1473	1388
1472	1388
1472	1386
1471	1386
1471	1384
1470	1384
1470	1382
1469	1382
1469	1381
1470	1381
1470	1380
1469	1380
1469	1379
1468	1379
1468	1378
1467	1378
1467	1377
1466	1377
1466	1375
1465	1375
1465	1374
1466	1374
1466	1373
1464	1373
1464	1371
1463	1371
1463	1369
1462	1369
1462	1367
1461	1367
1461	1365
1462	1365
1462	1364
1461	1364
1461	1363
1459	1363
1459	1360
1457	1360
1457	1357
1456	1357
1456	1356
1455	1356
1455	1354
1454	1354
1454	1353
1455	1353
1455	1352
1453	1352
1453	1349
1452	1349
1452	1347
1451	1347
1451	1346
1450	1346
1450	1344
1449	1344
1449	1343
1448	1343
1448	1341
1447	1341
1447	1339
1446	1339
1446	1337
1445	1337
1445	1336
1446	1336
1446	1335
1445	1335
1445	1334
1444	1334
1444	1333
1443	1333
1443	1331
1442	1331
1442	1330
1441	1330
1441	1328
1440	1328
1440	1326
1439	1326
1439	1324
1438	1324
1438	1323
1439	1323
1439	1322
1438	1322
1438	1321
1437	1321
1437	1320
1436	1320
1436	1318
1438	1318
1438	1317
1435	1317
1435	1316
1434	1316
1434	1314
1433	1314
1433	1313
1432	1313
1432	1311
1431	1311
1431	1309
1430	1309
1430	1307
1429	1307
1429	1305
1428	1305
1428	1303
1427	1303
1427	1302
1426	1302
1426	1300
1425	1300
1425	1299
1426	1299
1426	1298
1425	1298
1425	1297
1424	1297
1424	1296
1423	1296
1423	1294
1422	1294
1422	1292
1421	1292
1421	1291
1422	1291
1422	1289
1421	1289
1421	1290
1420	1290
1420	1289
1421	1289
1421	1288
1419	1288
1419	1286
1418	1286
1418	1284
1417	1284
1417	1283
1416	1283
1416	1281
1415	1281
1415	1278
1414	1278
1414	1277
1413	1277
1413	1275
1412	1275
1412	1273
1411	1273
1411	1271
1410	1271
1410	1269
1409	1269
1409	1267
1408	1267
1408	1266
1407	1266
1407	1264
1406	1264
1406	1263
1407	1263
1407	1262
1405	1262
1405	1261
1406	1261
1406	1260
1404	1260
1404	1258
1403	1258
1403	1256
1402	1256
1402	1254
1401	1254
1401	1253
1402	1253
1402	1252
1400	1252
1400	1250
1399	1250
1399	1248
1398	1248
1398	1246
1397	1246
1397	1244
1396	1244
1396	1242
1395	1242
1395	1240
1394	1240
1394	1237
1393	1237
1393	1236
1392	1236
1392	1234
1391	1234
1391	1232
1390	1232
1390	1230
1389	1230
1389	1229
1390	1229
1390	1228
1388	1228
1388	1227
1389	1227
1389	1226
1387	1226
1387	1225
1388	1225
1388	1224
1386	1224
1386	1221
1385	1221
1385	1220
1384	1220
1384	1218
1383	1218
1383	1216
1382	1216
1382	1214
1381	1214
1381	1213
1382	1213
1382	1212
1380	1212
1380	1211
1381	1211
1381	1210
1379	1210
1379	1209
1380	1209
1380	1208
1378	1208
1378	1207
1379	1207
1379	1206
1377	1206
1377	1204
1376	1204
1376	1202
1375	1202
1375	1199
1374	1199
1374	1198
1373	1198
1373	1197
1374	1197
1374	1196
1372	1196
1372	1194
1371	1194
1371	1192
1370	1192
1370	1190
1369	1190
1369	1189
1370	1189
1370	1188
1369	1188
1369	1187
1368	1187
1368	1185
1367	1185
1367	1184
1368	1184
1368	1183
1366	1183
1366	1182
1367	1182
1367	1181
1365	1181
1365	1180
1366	1180
1366	1179
1365	1179
1365	1178
1364	1178
1364	1176
1363	1176
1363	1175
1362	1175
1362	1173
1361	1173
1361	1172
1362	1172
1362	1171
1361	1171
1361	1169
1360	1169
1360	1168
1359	1168
1359	1165
1358	1165
1358	1164
1357	1164
1357	1162
1356	1162
1356	1159
1355	1159
1355	1157
1354	1157
1354	1155
1353	1155
1353	1153
1352	1153
1352	1150
1351	1150
1351	1148
1350	1148
1350	1146
1349	1146
1349	1143
1348	1143
1348	1141
1347	1141
1347	1138
1346	1138
1346	1136
1345	1136
1345	1134
1344	1134
1344	1132
1345	1132
1345	1131
1343	1131
1343	1129
1342	1129
1342	1128
1343	1128
1343	1127
1341	1127
1341	1125
1340	1125
1340	1124
1341	1124
1341	1123
1340	1123
1340	1121
1339	1121
1339	1120
1338	1120
1338	1118
1339	1118
1339	1117
1337	1117
1337	1115
1336	1115
1336	1112
1335	1112
1335	1109
1334	1109
1334	1108
1335	1108
1335	1107
1333	1107
1333	1105
1332	1105
1332	1102
1331	1102
1331	1099
1330	1099
1330	1097
1329	1097
1329	1094
1328	1094
1328	1093
1329	1093
1329	1092
1327	1092
1327	1091
1328	1091
1328	1090
1327	1090
1327	1089
1326	1089
1326	1088
1327	1088
1327	1087
1326	1087
1326	1086
1325	1086
1325	1083
1324	1083
1324	1081
1323	1081
1323	1078
1322	1078
1322	1075
1321	1075
1321	1074
1322	1074
1322	1073
1321	1073
1321	1072
1320	1072
1320	1069
1319	1069
1319	1066
1318	1066
1318	1063
1317	1063
1317	1062
1318	1062
1318	1061
1316	1061
1316	1057
1315	1057
1315	1054
1314	1054
1314	1052
1316	1052
1316	1051
1314	1051
1314	1050
1313	1050
1313	1048
1312	1048
1312	1045
1311	1045
1311	1043
1312	1043
1312	1042
1311	1042
1311	1041
1310	1041
1310	1038
1309	1038
1309	1035
1308	1035
1308	1032
1307	1032
1307	1030
1308	1030
1308	1029
1307	1029
1307	1028
1306	1028
1306	1025
1305	1025
1305	1022
1306	1022
1306	1021
1304	1021
1304	1017
1303	1017
1303	1014
1302	1014
1302	1012
1303	1012
1303	1011
1302	1011
1302	1010
1301	1010
1301	1006
1300	1006
1300	1002
1299	1002
1299	999
1300	999
1300	998
1298	998
1298	994
1297	994
1297	993
1298	993
1298	992
1297	992
1297	991
1298	991
1298	990
1297	990
1297	989
1296	989
1296	985
1295	985
1295	980
1294	980
1294	979
1295	979
1295	978
1294	978
1294	974
1293	974
1293	970
1292	970
1292	966
1293	966
1293	965
1291	965
1291	963
1292	963
1292	962
1291	962
1291	958
1290	958
1290	954
1289	954
1289	950
1290	950
1290	949
1289	949
1289	947
1288	947
1288	941
1287	941
1287	938
1288	938
1288	937
1287	937
1287	935
1288	935
1288	934
1287	934
1287	933
1286	933
1286	931
1287	931
1287	928
1286	928
1286	926
1287	926
1287	925
1285	925
1285	923
1286	923
1286	922
1285	922
1285	915
1284	915
1284	910
1285	910
1285	909
1284	909
1284	904
1283	904
1283	893
1284	893
1284	892
1283	892
1283	886
1282	886
1282	883
1283	883
1283	882
1282	882
1282	881
1283	881
1283	880
1282	880
1282	877
1283	877
1283	876
1282	876
1282	874
1283	874
1283	873
1282	873
1282	851
1283	851
1283	850
1282	850
1282	848
1283	848
1283	847
1282	847
1282	846
1283	846
1283	844
1284	844
1284	842
1283	842
1283	837
1284	837
1284	836
1286	836
1286	837
1287	837
1287	836
1289	836
1289	835
1293	835
1293	836
1294	836
1294	835
1299	835
1299	836
1300	836
1300	835
1305	835
1305	836
1306	836
1306	835
1307	835
1307	836
1308	836
1308	835
1309	835
1309	836
1312	836
1312	837
1313	837
1313	836
1314	836
1314	838
1315	838
1315	837
1317	837
1317	838
1321	838
1321	839
1323	839
1323	840
1324	840
1324	842
1325	842
1325	840
1326	840
1326	841
1328	841
1328	842
1330	842
1330	843
1332	843
1332	844
1334	844
1334	845
1335	845
1335	846
1337	846
1337	847
1339	847
1339	848
1340	848
1340	849
1342	849
1342	850
1343	850
1343	851
1344	851
1344	853
1345	853
1345	852
1346	852
1346	853
1347	853
1347	854
1348	854
1348	855
1349	855
1349	856
1350	856
1350	857
1351	857
1351	858
1352	858
1352	859
1353	859
1353	860
1355	860
1355	861
1356	861
1356	863
1357	863
1357	864
1358	864
1358	865
1359	865
1359	866
1360	866
1360	869
1361	869
1361	868
1362	868
1362	871
1364	871
1364	873
1365	873
1365	874
1366	874
1366	875
1367	875
1367	877
1368	877
1368	878
1369	878
1369	880
1370	880
1370	881
1371	881
1371	883
1372	883
1372	885
1373	885
1373	887
1374	887
1374	890
1375	890
1375	891
1376	891
1376	893
1377	893
1377	896
1378	896
1378	897
1379	897
1379	900
1380	900
1380	902
1381	902
1381	905
1382	905
1382	907
1383	907
1383	910
1384	910
1384	913
1385	913
1385	916
1386	916
1386	920
1387	920
1387	923
1388	923
1388	927
1389	927
1389	930
1390	930
1390	934
1391	934
1391	935
1390	935
1390	936
1391	936
1391	939
1392	939
1392	943
1393	943
1393	946
1392	946
1392	948
1393	948
1393	947
1394	947
1394	951
1393	951
1393	953
1394	953
1394	952
1395	952
1395	953
1394	953
1394	954
1395	954
1395	956
1396	956
1396	957
1395	957
1395	958
1396	958
1396	960
1397	960
1397	961
1396	961
1396	962
1397	962
1397	965
1398	965
1398	970
1399	970
1399	974
1400	974
1400	978
1401	978
1401	979
1400	979
1400	980
1401	980
1401	982
1402	982
1402	986
1403	986
1403	989
1402	989
1402	990
1404	990
1404	993
1403	993
1403	994
1405	994
1405	995
1404	995
1404	996
1405	996
1405	997
1404	997
1404	998
1405	998
1405	999
1406	999
1406	1001
1405	1001
1405	1002
1406	1002
1406	1003
1407	1003
1407	1005
1406	1005
1406	1006
1408	1006
1408	1011
1409	1011
1409	1013
1410	1013
1410	1016
1409	1016
1409	1017
1410	1017
1410	1018
1411	1018
1411	1020
1412	1020
1412	1024
1413	1024
1413	1027
1414	1027
1414	1030
1415	1030
1415	1032
1414	1032
1414	1033
1415	1033
1415	1034
1416	1034
1416	1037
1417	1037
1417	1040
1418	1040
1418	1044
1419	1044
1419	1047
1420	1047
1420	1050
1421	1050
1421	1054
1422	1054
1422	1056
1423	1056
1423	1059
1424	1059
1424	1062
1425	1062
1425	1065
1426	1065
1426	1067
1427	1067
1427	1069
1426	1069
1426	1070
1428	1070
1428	1073
1429	1073
1429	1076
1430	1076
1430	1077
1429	1077
1429	1078
1430	1078
1430	1079
1429	1079
1429	1080
1431	1080
1431	1081
1432	1081
1432	1084
1433	1084
1433	1085
1432	1085
1432	1086
1433	1086
1433	1087
1434	1087
1434	1089
1435	1089
1435	1092
1436	1092
1436	1095
1437	1095
1437	1096
1436	1096
1436	1097
1438	1097
1438	1100
1439	1100
1439	1102
1440	1102
1440	1105
1441	1105
1441	1106
1440	1106
1440	1107
1441	1107
1441	1108
1442	1108
1442	1110
1443	1110
1443	1112
1444	1112
1444	1115
1445	1115
1445	1117
1446	1117
1446	1119
1445	1119
1445	1120
1447	1120
1447	1122
1448	1122
1448	1124
1449	1124
1449	1125
1448	1125
1448	1126
1449	1126
1449	1127
1450	1127
1450	1129
1451	1129
1451	1131
1452	1131
1452	1133
1453	1133
1453	1136
1454	1136
1454	1138
1455	1138
1455	1140
1456	1140
1456	1142
1457	1142
1457	1145
1458	1145
1458	1146
1457	1146
1457	1147
1459	1147
1459	1149
1460	1149
1460	1151
1461	1151
1461	1153
1462	1153
1462	1154
1461	1154
1461	1155
1462	1155
1462	1156
1463	1156
1463	1158
1464	1158
1464	1160
1465	1160
1465	1162
1466	1162
1466	1164
1467	1164
1467	1167
1468	1167
1468	1168
1469	1168
1469	1170
1470	1170
1470	1173
1471	1173
1471	1174
1472	1174
1472	1176
1473	1176
1473	1178
1474	1178
1474	1180
1475	1180
1475	1181
1474	1181
1474	1182
1475	1182
1475	1183
1476	1183
1476	1184
1477	1184
1477	1186
1478	1186
1478	1188
1479	1188
1479	1190
1480	1190
1480	1192
1481	1192
1481	1193
1482	1193
1482	1194
1481	1194
1481	1195
1482	1195
1482	1196
1483	1196
1483	1198
1484	1198
1484	1199
1485	1199
1485	1201
1486	1201
1486	1203
1487	1203
1487	1204
1486	1204
1486	1205
1488	1205
1488	1207
1489	1207
1489	1208
1490	1208
1490	1210
1491	1210
1491	1212
1492	1212
1492	1214
1493	1214
1493	1216
1494	1216
1494	1218
1495	1218
1495	1219
1496	1219
1496	1221
1497	1221
1497	1223
1498	1223
1498	1225
1499	1225
1499	1227
1500	1227
1500	1228
1501	1228
1501	1230
1502	1230
1502	1231
1501	1231
1501	1232
1503	1232
1503	1235
1504	1235
1504	1236
1505	1236
1505	1238
1506	1238
1506	1239
1507	1239
1507	1241
1508	1241
1508	1243
1509	1243
1509	1244
1510	1244
1510	1245
1509	1245
1509	1246
1511	1246
1511	1247
1510	1247
1510	1248
1512	1248
1512	1249
1513	1249
1513	1251
1514	1251
1514	1253
1515	1253
1515	1255
1516	1255
1516	1256
1517	1256
1517	1258
1518	1258
1518	1259
1517	1259
1517	1260
1519	1260
1519	1261
1520	1261
1520	1262
1519	1262
1519	1263
1521	1263
1521	1266
1522	1266
1522	1267
1523	1267
1523	1268
1524	1268
1524	1271
1525	1271
1525	1272
1526	1272
1526	1273
1527	1273
1527	1275
1528	1275
1528	1277
1529	1277
1529	1278
1530	1278
1530	1281
1531	1281
1531	1282
1532	1282
1532	1284
1533	1284
1533	1285
1532	1285
1532	1286
1534	1286
1534	1287
1535	1287
1535	1288
1536	1288
1536	1290
1537	1290
1537	1292
1538	1292
1538	1293
1539	1293
1539	1294
1538	1294
1538	1295
1540	1295
1540	1297
1541	1297
1541	1298
1542	1298
1542	1301
1543	1301
1543	1302
1544	1302
1544	1303
1545	1303
1545	1305
1546	1305
1546	1308
1547	1308
1547	1309
1548	1309
1548	1310
1549	1310
1549	1311
1550	1311
1550	1313
1551	1313
1551	1315
1552	1315
1552	1316
1553	1316
1553	1317
1552	1317
1552	1318
1553	1318
1553	1319
1554	1319
1554	1320
1555	1320
1555	1321
1556	1321
1556	1324
1557	1324
1557	1326
1559	1326
1559	1328
1560	1328
1560	1331
1561	1331
1561	1332
1562	1332
1562	1333
1563	1333
1563	1334
1564	1334
1564	1336
1565	1336
1565	1338
1566	1338
1566	1339
1567	1339
1567	1341
1568	1341
1568	1343
1569	1343
1569	1344
1570	1344
1570	1346
1571	1346
1571	1349
1573	1349
1573	1351
1574	1351
1574	1353
1575	1353
1575	1354
1576	1354
1576	1356
1577	1356
1577	1357
1578	1357
1578	1360
1579	1360
1579	1361
1580	1361
1580	1362
1581	1362
1581	1363
1580	1363
1580	1364
1582	1364
1582	1367
1584	1367
1584	1369
1585	1369
1585	1371
1586	1371
1586	1372
1587	1372
1587	1374
1588	1374
1588	1375
1587	1375
1587	1376
1589	1376
1589	1377
1590	1377
1590	1380
1591	1380
1591	1381
1592	1381
1592	1382
1593	1382
1593	1384
1594	1384
1594	1386
1595	1386
1595	1387
1596	1387
1596	1389
1597	1389
1597	1391
1598	1391
1598	1392
1599	1392
1599	1393
1598	1393
1598	1395
1599	1395
1599	1394
1600	1394
1600	1396
1601	1396
1601	1398
1602	1398
1602	1399
1603	1399
1603	1401
1604	1401
1604	1403
1605	1403
1605	1405
1606	1405
1606	1406
1607	1406
1607	1408
1608	1408
1608	1409
1609	1409
1609	1412
1610	1412
1610	1413
1611	1413
1611	1414
1610	1414
1610	1415
1612	1415
1612	1416
1613	1416
1613	1418
1614	1418
1614	1420
1615	1420
1615	1422
1616	1422
1616	1423
1617	1423
1617	1425
1618	1425
1618	1428
1619	1428
1619	1429
1620	1429
1620	1430
1621	1430
1621	1432
1622	1432
1622	1434
1623	1434
1623	1436
1624	1436
1624	1437
1625	1437
1625	1439
1626	1439
1626	1441
1627	1441
1627	1443
1628	1443
1628	1445
1629	1445
1629	1446
1628	1446
1628	1447
1630	1447
1630	1448
1631	1448
1631	1449
1630	1449
1630	1451
1631	1451
1631	1450
1632	1450
1632	1452
1633	1452
1633	1454
1634	1454
1634	1456
1635	1456
1635	1459
1636	1459
1636	1460
1637	1460
1637	1462
1638	1462
1638	1463
1639	1463
1639	1465
1640	1465
1640	1467
1641	1467
1641	1469
1642	1469
1642	1471
1643	1471
1643	1473
1644	1473
1644	1475
1645	1475
1645	1477
1646	1477
1646	1478
1647	1478
1647	1479
1646	1479
1646	1480
1648	1480
1648	1482
1649	1482
1649	1484
1650	1484
1650	1486
1651	1486
1651	1489
1652	1489
1652	1490
1653	1490
1653	1492
1654	1492
1654	1494
1655	1494
1655	1496
1656	1496
1656	1498
1657	1498
1657	1499
1656	1499
1656	1500
1658	1500
1658	1502
1659	1502
1659	1505
1660	1505
1660	1507
1661	1507
1661	1509
1662	1509
1662	1510
1661	1510
1661	1511
1663	1511
1663	1513
1664	1513
1664	1515
1665	1515
1665	1517
1666	1517
1666	1519
1667	1519
1667	1521
1668	1521
1668	1522
1667	1522
1667	1523
1668	1523
1668	1524
1669	1524
1669	1526
1670	1526
1670	1527
1669	1527
1669	1528
1671	1528
1671	1531
1672	1531
1672	1532
1673	1532
1673	1533
1672	1533
1672	1534
1673	1534
1673	1535
1674	1535
1674	1538
1675	1538
1675	1539
1676	1539
1676	1541
1677	1541
1677	1544
1678	1544
1678	1546
1679	1546
1679	1548
1680	1548
1680	1550
1681	1550
1681	1552
1682	1552
1682	1556
1683	1556
1683	1558
1684	1558
1684	1559
1685	1559
1685	1563
1686	1563
1686	1564
1687	1564
1687	1566
1688	1566
1688	1569
1689	1569
1689	1570
1688	1570
1688	1571
1689	1571
1689	1572
1690	1572
1690	1573
1689	1573
1689	1574
1691	1574
1691	1576
1692	1576
1692	1579
1693	1579
1693	1580
1691	1580
1691	1581
1693	1581
1693	1582
1694	1582
1694	1583
1695	1583
1695	1586
1696	1586
1696	1588
1697	1588
1697	1591
1698	1591
1698	1593
1699	1593
1699	1596
1700	1596
1700	1597
1699	1597
1699	1598
1700	1598
1700	1599
1701	1599
1701	1601
1702	1601
1702	1604
1703	1604
1703	1606
1704	1606
1704	1609
1705	1609
1705	1612
1706	1612
1706	1613
1705	1613
1705	1614
1707	1614
1707	1615
1708	1615
1708	1612
1709	1612
1709	1611
1708	1611
1708	1604
1709	1604
1709	1603
1708	1603
1708	1601
1709	1601
1709	1600
1708	1600
1708	1591
1709	1591
1709	1592
1710	1592
1710	1590
1708	1590
1708	1589
1707	1589
1707	1588
1708	1588
1708	1586
1707	1586
1707	1585
1708	1585
1708	1584
1707	1584
1707	1579
1708	1579
1708	1578
1707	1578
1707	1559
1706	1559
1706	1554
1707	1554
1707	1553
1706	1553
1706	1552
1707	1552
1707	1551
1706	1551
1706	1550
1707	1550
1707	1549
1706	1549
1706	1548
1707	1548
1707	1549
1708	1549
1708	1547
1706	1547
1706	1546
1707	1546
1707	1545
1706	1545
1706	1542
1707	1542
1707	1540
1705	1540
1705	1526
1704	1526
1704	1513
1703	1513
1703	1501
1702	1501
1702	1500
1703	1500
1703	1499
1702	1499
1702	1496
1703	1496
1703	1495
1702	1495
1702	1491
1701	1491
1701	1488
1702	1488
1702	1487
1701	1487
1701	1481
1700	1481
1700	1478
1701	1478
1701	1477
1700	1477
1700	1470
1699	1470
1699	1469
1701	1469
1701	1468
1699	1468
1699	1462
1698	1462
1698	1455
1699	1455
1699	1454
1698	1454
1698	1453
1697	1453
1697	1443
1696	1443
1696	1436
1695	1436
1695	1431
1696	1431
1696	1430
1695	1430
1695	1428
1694	1428
1694	1425
1695	1425
1695	1424
1694	1424
1694	1420
1693	1420
1693	1417
1694	1417
1694	1416
1693	1416
1693	1415
1694	1415
1694	1414
1693	1414
1693	1411
1692	1411
1692	1410
1693	1410
1693	1409
1692	1409
1692	1406
1693	1406
1693	1405
1692	1405
1692	1404
1693	1404
1693	1403
1691	1403
1691	1396
1690	1396
1690	1388
1689	1388
1689	1380
1688	1380
1688	1379
1689	1379
1689	1378
1688	1378
1688	1372
1687	1372
1687	1364
1686	1364
1686	1363
1687	1363
1687	1362
1686	1362
1686	1356
1685	1356
1685	1355
1686	1355
1686	1354
1685	1354
1685	1350
1684	1350
1684	1349
1685	1349
1685	1348
1684	1348
1684	1344
1685	1344
1685	1343
1683	1343
1683	1342
1684	1342
1684	1341
1683	1341
1683	1337
1682	1337
1682	1333
1683	1333
1683	1332
1682	1332
1682	1331
1681	1331
1681	1326
1682	1326
1682	1325
1680	1325
1680	1319
1679	1319
1679	1315
1678	1315
1678	1311
1679	1311
1679	1310
1677	1310
1677	1309
1678	1309
1678	1308
1677	1308
1677	1306
1676	1306
1676	1302
1675	1302
1675	1299
1676	1299
1676	1298
1675	1298
1675	1297
1674	1297
1674	1294
1673	1294
1673	1293
1674	1293
1674	1292
1673	1292
1673	1290
1672	1290
1672	1286
1671	1286
1671	1283
1670	1283
1670	1280
1669	1280
1669	1279
1670	1279
1670	1278
1669	1278
1669	1277
1668	1277
1668	1274
1667	1274
1667	1271
1666	1271
1666	1270
1667	1270
1667	1269
1666	1269
1666	1268
1665	1268
1665	1265
1664	1265
1664	1262
1663	1262
1663	1261
1664	1261
1664	1260
1663	1260
1663	1259
1662	1259
1662	1257
1661	1257
1661	1254
1660	1254
1660	1251
1659	1251
1659	1250
1658	1250
1658	1249
1659	1249
1659	1248
1657	1248
1657	1246
1658	1246
1658	1245
1656	1245
1656	1243
1655	1243
1655	1241
1654	1241
1654	1238
1653	1238
1653	1236
1652	1236
1652	1235
1653	1235
1653	1234
1651	1234
1651	1233
1652	1233
1652	1232
1650	1232
1650	1228
1649	1228
1649	1227
1648	1227
1648	1225
1647	1225
1647	1223
1646	1223
1646	1219
1645	1219
1645	1218
1644	1218
1644	1216
1643	1216
1643	1215
1644	1215
1644	1214
1642	1214
1642	1213
1643	1213
1643	1212
1642	1212
1642	1211
1641	1211
1641	1209
1640	1209
1640	1207
1639	1207
1639	1205
1638	1205
1638	1203
1637	1203
1637	1200
1636	1200
1636	1199
1637	1199
1637	1198
1635	1198
1635	1196
1634	1196
1634	1193
1633	1193
1633	1191
1632	1191
1632	1188
1631	1188
1631	1186
1630	1186
1630	1184
1629	1184
1629	1182
1630	1182
1630	1181
1628	1181
1628	1180
1630	1180
1630	1179
1628	1179
1628	1178
1627	1178
1627	1176
1626	1176
1626	1175
1627	1175
1627	1174
1626	1174
1626	1173
1625	1173
1625	1170
1624	1170
1624	1168
1623	1168
1623	1165
1622	1165
1622	1161
1621	1161
1621	1159
1620	1159
1620	1158
1621	1158
1621	1157
1620	1157
1620	1155
1619	1155
1619	1153
1618	1153
1618	1151
1619	1151
1619	1150
1617	1150
1617	1147
1616	1147
1616	1145
1617	1145
1617	1144
1616	1144
1616	1143
1615	1143
1615	1141
1616	1141
1616	1140
1615	1140
1615	1139
1614	1139
1614	1137
1613	1137
1613	1134
1614	1134
1614	1133
1612	1133
1612	1129
1611	1129
1611	1128
1612	1128
1612	1127
1611	1127
1611	1126
1610	1126
1610	1123
1611	1123
1611	1121
1610	1121
1610	1122
1609	1122
1609	1121
1610	1121
1610	1120
1609	1120
1609	1117
1608	1117
1608	1114
1607	1114
1607	1110
1606	1110
1606	1109
1607	1109
1607	1108
1606	1108
1606	1107
1607	1107
1607	1106
1606	1106
1606	1105
1605	1105
1605	1100
1604	1100
1604	1096
1603	1096
1603	1091
1602	1091
1602	1086
1601	1086
1601	1081
1600	1081
1600	1074
1599	1074
1599	1069
1598	1069
1598	1063
1597	1063
1597	1060
1598	1060
1598	1059
1597	1059
1597	1058
1598	1058
1598	1057
1597	1057
1597	1056
1596	1056
1596	1054
1597	1054
1597	1053
1596	1053
1596	1049
1595	1049
1595	1042
1596	1042
1596	1041
1594	1041
1594	1038
1595	1038
1595	1037
1594	1037
1594	1036
1595	1036
1595	1037
1596	1037
1596	1035
1594	1035
1594	1032
1593	1032
1593	1031
1594	1031
1594	1030
1593	1030
1593	1028
1594	1028
1594	1027
1593	1027
1593	1023
1592	1023
1592	1017
1593	1017
1593	1016
1592	1016
1592	1012
1591	1012
1591	1011
1592	1011
1592	1010
1591	1010
1591	1006
1592	1006
1592	1005
1591	1005
1591	1000
1590	1000
1590	996
1591	996
1591	995
1590	995
1590	994
1591	994
1591	993
1590	993
1590	988
1591	988
1591	987
1590	987
1590	986
1591	986
1591	985
1590	985
1590	984
1589	984
1589	983
1590	983
1590	982
1589	982
1589	980
1590	980
1590	979
1589	979
1589	978
1590	978
1590	977
1589	977
1589	971
1590	971
1590	970
1589	970
1589	964
1588	964
1588	962
1590	962
1590	961
1588	961
1588	926
1589	926
1589	925
1588	925
1588	922
1587	922
1587	896
1588	896
1588	895
1587	895
1587	894
1588	894
1588	893
1587	893
1587	892
1588	892
1588	891
1587	891
1587	889
1588	889
1588	851
1589	851
1589	850
1588	850
1588	847
1589	847
1589	846
1588	846
1588	845
1589	845
1589	844
1588	844
1588	832
1589	832
1589	815
1590	815
1590	814
1592	814
1592	813
1594	813
1594	812
1598	812
1598	811
1603	811
1603	812
1604	812
1604	811
1606	811
1606	812
1610	812
1610	813
1613	813
1613	814
1615	814
1615	815
1617	815
1617	817
1620	817
1620	818
1621	818
1621	819
1622	819
1622	820
1624	820
1624	821
1623	821
1623	822
1626	822
1626	823
1627	823
1627	825
1629	825
1629	826
1630	826
1630	828
1631	828
1631	829
1632	829
1632	830
1633	830
1633	832
1634	832
1634	833
1635	833
1635	834
1636	834
1636	835
1635	835
1635	836
1637	836
1637	837
1638	837
1638	838
1637	838
1637	839
1638	839
1638	840
1639	840
1639	841
1640	841
1640	843
1641	843
1641	845
1642	845
1642	846
1643	846
1643	849
1644	849
1644	851
1645	851
1645	853
1646	853
1646	855
1647	855
1647	858
1648	858
1648	861
1649	861
1649	864
1650	864
1650	867
1651	867
1651	868
1650	868
1650	870
1652	870
1652	873
1653	873
1653	876
1654	876
1654	879
1655	879
1655	884
1656	884
1656	886
1657	886
1657	889
1658	889
1658	892
1659	892
1659	895
1660	895
1660	898
1661	898
1661	899
1660	899
1660	901
1662	901
1662	905
1663	905
1663	907
1664	907
1664	909
1663	909
1663	910
1664	910
1664	911
1665	911
1665	915
1666	915
1666	916
1665	916
1665	917
1667	917
1667	920
1668	920
1668	921
1667	921
1667	922
1668	922
1668	923
1669	923
1669	925
1668	925
1668	926
1670	926
1670	929
1671	929
1671	932
1672	932
1672	935
1673	935
1673	939
1674	939
1674	941
1673	941
1673	942
1675	942
1675	946
1676	946
1676	948
1677	948
1677	949
1676	949
1676	950
1677	950
1677	951
1678	951
1678	954
1679	954
1679	955
1678	955
1678	956
1679	956
1679	957
1680	957
1680	960
1681	960
1681	963
1682	963
1682	967
1683	967
1683	970
1684	970
1684	971
1683	971
1683	972
1684	972
1684	973
1685	973
1685	976
1686	976
1686	977
1685	977
1685	978
1686	978
1686	979
1687	979
1687	981
1686	981
1686	982
1688	982
1688	986
1689	986
1689	988
1690	988
1690	989
1689	989
1689	990
1690	990
1690	991
1691	991
1691	994
1690	994
1690	995
1692	995
1692	998
1693	998
1693	1002
1694	1002
1694	1004
1695	1004
1695	1007
1696	1007
1696	1010
1697	1010
1697	1014
1698	1014
1698	1016
1699	1016
1699	1017
1698	1017
1698	1018
1699	1018
1699	1020
1700	1020
1700	1021
1699	1021
1699	1022
1700	1022
1700	1024
1701	1024
