435	2961
436	2961
436	2962
437	2962
437	2963
438	2963
438	2964
440	2964
440	2965
441	2965
441	2967
442	2967
442	2968
443	2968
443	2969
444	2969
444	2968
445	2968
445	2970
447	2970
447	2971
448	2971
448	2972
450	2972
450	2973
451	2973
451	2974
453	2974
453	2975
454	2975
454	2976
456	2976
456	2977
457	2977
457	2978
459	2978
459	2979
460	2979
460	2980
462	2980
462	2981
464	2981
464	2982
465	2982
465	2983
467	2983
467	2984
469	2984
469	2985
471	2985
471	2986
473	2986
473	2988
474	2988
474	2987
475	2987
475	2988
476	2988
476	2989
478	2989
478	2990
480	2990
480	2991
482	2991
482	2992
483	2992
483	2993
484	2993
484	2994
485	2994
485	2993
486	2993
486	2994
488	2994
488	2995
489	2995
489	2996
492	2996
492	2997
494	2997
494	2998
496	2998
496	2999
498	2999
498	3000
500	3000
500	3001
501	3001
501	3002
504	3002
504	3004
505	3004
505	3003
506	3003
506	3005
507	3005
507	3004
508	3004
508	3006
509	3006
509	3005
510	3005
510	3006
512	3006
512	3007
514	3007
514	3008
516	3008
516	3009
518	3009
518	3010
520	3010
520	3011
522	3011
522	3013
523	3013
523	3012
524	3012
524	3014
525	3014
525	3013
526	3013
526	3015
529	3015
529	3016
531	3016
531	3017
533	3017
533	3019
536	3019
536	3020
537	3020
537	3022
538	3022
538	3021
539	3021
539	3022
540	3022
540	3023
542	3023
542	3024
543	3024
543	3025
545	3025
545	3026
546	3026
546	3027
547	3027
547	3028
549	3028
549	3030
552	3030
552	3031
553	3031
553	3032
554	3032
554	3033
555	3033
555	3034
557	3034
557	3035
558	3035
558	3036
559	3036
559	3037
560	3037
560	3038
561	3038
561	3040
562	3040
562	3041
563	3041
563	3040
564	3040
564	3041
565	3041
565	3042
566	3042
566	3043
567	3043
567	3044
568	3044
568	3045
569	3045
569	3046
570	3046
570	3047
571	3047
571	3048
572	3048
572	3049
573	3049
573	3050
574	3050
574	3051
575	3051
575	3052
576	3052
576	3053
577	3053
577	3054
578	3054
578	3055
579	3055
579	3057
580	3057
580	3058
581	3058
581	3059
582	3059
582	3060
583	3060
583	3061
584	3061
584	3062
585	3062
585	3064
586	3064
586	3065
587	3065
587	3066
588	3066
588	3067
589	3067
589	3069
590	3069
590	3071
592	3071
592	3073
593	3073
593	3075
594	3075
594	3076
595	3076
595	3077
596	3077
596	3080
598	3080
598	3082
599	3082
599	3083
600	3083
600	3085
601	3085
601	3086
602	3086
602	3088
603	3088
603	3090
604	3090
604	3092
605	3092
605	3094
606	3094
606	3096
607	3096
607	3098
608	3098
608	3100
607	3100
607	3101
609	3101
609	3105
610	3105
610	3108
609	3108
609	3109
610	3109
610	3113
609	3113
609	3116
608	3116
608	3119
607	3119
607	3120
605	3120
605	3121
606	3121
606	3122
605	3122
605	3123
604	3123
604	3124
603	3124
603	3125
602	3125
602	3127
600	3127
600	3128
599	3128
599	3129
598	3129
598	3130
596	3130
596	3131
594	3131
594	3132
593	3132
593	3133
592	3133
592	3134
590	3134
590	3135
588	3135
588	3136
586	3136
586	3137
584	3137
584	3138
581	3138
581	3139
579	3139
579	3140
577	3140
577	3139
576	3139
576	3141
575	3141
575	3140
574	3140
574	3141
572	3141
572	3142
570	3142
570	3143
567	3143
567	3144
564	3144
564	3143
563	3143
563	3145
560	3145
560	3146
558	3146
558	3145
557	3145
557	3146
556	3146
556	3147
554	3147
554	3146
553	3146
553	3148
551	3148
551	3147
550	3147
550	3148
548	3148
548	3149
546	3149
546	3148
544	3148
544	3149
545	3149
545	3150
541	3150
541	3149
540	3149
540	3151
535	3151
535	3150
534	3150
534	3151
533	3151
533	3152
524	3152
524	3153
523	3153
523	3152
522	3152
522	3153
511	3153
511	3152
503	3152
503	3150
502	3150
502	3151
500	3151
500	3150
499	3150
499	3151
498	3151
498	3150
497	3150
497	3149
492	3149
492	3148
489	3148
489	3147
487	3147
487	3146
485	3146
485	3145
482	3145
482	3144
480	3144
480	3143
478	3143
478	3141
475	3141
475	3140
474	3140
474	3139
472	3139
472	3137
469	3137
469	3136
468	3136
468	3135
467	3135
467	3134
465	3134
465	3133
464	3133
464	3132
463	3132
463	3130
461	3130
461	3129
459	3129
459	3128
458	3128
458	3127
457	3127
457	3126
456	3126
456	3124
455	3124
455	3123
453	3123
453	3122
452	3122
452	3121
451	3121
451	3120
450	3120
450	3119
449	3119
449	3117
448	3117
448	3116
447	3116
447	3115
446	3115
446	3114
445	3114
445	3113
444	3113
444	3112
443	3112
443	3110
442	3110
442	3109
441	3109
441	3108
440	3108
440	3107
439	3107
439	3106
438	3106
438	3104
437	3104
437	3103
436	3103
436	3102
435	3102
435	3101
436	3101
436	3100
435	3100
435	3099
433	3099
433	3098
432	3098
432	3097
433	3097
433	3096
432	3096
432	3095
430	3095
430	3094
429	3094
429	3091
428	3091
428	3090
426	3090
426	3088
425	3088
425	3087
424	3087
424	3086
423	3086
423	3084
422	3084
422	3083
421	3083
421	3081
420	3081
420	3080
419	3080
419	3079
418	3079
418	3078
417	3078
417	3076
416	3076
416	3075
417	3075
417	3074
414	3074
414	3072
413	3072
413	3071
412	3071
412	3070
411	3070
411	3068
410	3068
410	3067
409	3067
409	3065
407	3065
407	3063
406	3063
406	3062
405	3062
405	3061
404	3061
404	3060
403	3060
403	3059
402	3059
402	3057
401	3057
401	3056
400	3056
400	3055
399	3055
399	3053
397	3053
397	3052
396	3052
396	3051
395	3051
395	3050
394	3050
394	3048
392	3048
392	3046
390	3046
390	3045
389	3045
389	3044
388	3044
388	3043
387	3043
387	3042
386	3042
386	3041
385	3041
385	3040
383	3040
383	3039
382	3039
382	3038
381	3038
381	3037
380	3037
380	3036
378	3036
378	3035
377	3035
377	3034
375	3034
375	3033
374	3033
374	3032
372	3032
372	3030
371	3030
371	3031
370	3031
370	3030
369	3030
369	3029
367	3029
367	3028
366	3028
366	3027
365	3027
365	3028
364	3028
364	3027
362	3027
362	3026
360	3026
360	3025
357	3025
357	3024
353	3024
353	3023
348	3023
348	3022
347	3022
347	3023
346	3023
346	3024
344	3024
344	3025
345	3025
345	3026
344	3026
344	3027
343	3027
343	3031
342	3031
342	3033
341	3033
341	3035
340	3035
340	3036
341	3036
341	3037
340	3037
340	3040
339	3040
339	3043
338	3043
338	3046
337	3046
337	3047
338	3047
338	3048
337	3048
337	3050
336	3050
336	3051
337	3051
337	3052
335	3052
335	3053
336	3053
336	3055
335	3055
335	3060
334	3060
334	3064
332	3064
332	3065
333	3065
333	3068
332	3068
332	3070
331	3070
331	3071
332	3071
332	3073
331	3073
331	3076
330	3076
330	3081
329	3081
329	3086
328	3086
328	3089
327	3089
327	3090
328	3090
328	3092
327	3092
327	3097
325	3097
325	3098
326	3098
326	3100
325	3100
325	3101
326	3101
326	3102
325	3102
325	3108
324	3108
324	3113
323	3113
323	3114
322	3114
322	3115
323	3115
323	3117
322	3117
322	3118
323	3118
323	3120
322	3120
322	3123
319	3123
319	3116
320	3116
320	3091
321	3091
321	3090
320	3090
320	3077
319	3077
319	3067
318	3067
318	3066
319	3066
319	3065
318	3065
318	3060
317	3060
317	3053
316	3053
316	3047
315	3047
315	3043
316	3043
316	3042
314	3042
314	3039
315	3039
315	3038
314	3038
314	3037
313	3037
313	3032
312	3032
312	3027
311	3027
311	3023
310	3023
310	3022
311	3022
311	3021
310	3021
310	3019
309	3019
309	3015
310	3015
310	3014
308	3014
308	3012
307	3012
307	3009
306	3009
306	3006
305	3006
305	3004
304	3004
304	3002
303	3002
303	3000
302	3000
302	2997
300	2997
300	2996
299	2996
299	2994
298	2994
298	2993
297	2993
297	2992
296	2992
296	2991
294	2991
294	2990
293	2990
293	2989
292	2989
292	2987
291	2987
291	2988
290	2988
290	2986
289	2986
289	2987
288	2987
288	2986
284	2986
284	2985
278	2985
278	2984
277	2984
277	2985
276	2985
276	2984
275	2984
275	2985
270	2985
270	2986
268	2986
268	2985
267	2985
267	2986
266	2986
266	2987
263	2987
263	2988
260	2988
260	2989
258	2989
258	2990
256	2990
256	2991
254	2991
254	2992
253	2992
253	2993
251	2993
251	2992
249	2992
249	2993
250	2993
250	2994
249	2994
249	2996
247	2996
247	2997
246	2997
246	2998
245	2998
245	2999
244	2999
244	3000
243	3000
243	3002
241	3002
241	3004
239	3004
239	3006
238	3006
238	3008
237	3008
237	3009
236	3009
236	3011
235	3011
235	3012
234	3012
234	3014
233	3014
233	3015
232	3015
232	3017
231	3017
231	3019
230	3019
230	3020
228	3020
228	3021
229	3021
229	3022
228	3022
228	3023
227	3023
227	3026
226	3026
226	3027
225	3027
225	3029
224	3029
224	3032
223	3032
223	3033
222	3033
222	3035
221	3035
221	3037
220	3037
220	3039
218	3039
218	3040
219	3040
219	3041
218	3041
218	3043
217	3043
217	3045
215	3045
215	3046
214	3046
214	3047
215	3047
215	3048
214	3048
214	3050
213	3050
213	3051
212	3051
212	3052
209	3052
209	3053
211	3053
211	3055
210	3055
210	3056
209	3056
209	3058
208	3058
208	3059
207	3059
207	3060
206	3060
206	3061
205	3061
205	3063
204	3063
204	3065
202	3065
202	3066
201	3066
201	3069
200	3069
200	3070
199	3070
199	3071
197	3071
197	3073
196	3073
196	3075
194	3075
194	3077
192	3077
192	3079
191	3079
191	3080
190	3080
190	3081
189	3081
189	3082
188	3082
188	3083
187	3083
187	3084
186	3084
186	3085
185	3085
185	3086
184	3086
184	3087
183	3087
183	3088
182	3088
182	3089
180	3089
180	3090
179	3090
179	3092
178	3092
178	3093
177	3093
177	3094
176	3094
176	3095
175	3095
175	3096
174	3096
174	3097
173	3097
173	3095
172	3095
172	3098
171	3098
171	3099
170	3099
170	3100
169	3100
169	3101
167	3101
167	3102
166	3102
166	3103
165	3103
165	3104
164	3104
164	3105
162	3105
162	3106
161	3106
161	3107
160	3107
160	3106
159	3106
159	3107
158	3107
158	3109
156	3109
156	3110
155	3110
155	3111
153	3111
153	3112
152	3112
152	3113
150	3113
150	3114
149	3114
149	3115
148	3115
148	3114
147	3114
147	3116
145	3116
145	3117
144	3117
144	3118
142	3118
142	3119
139	3119
139	3120
138	3120
138	3121
136	3121
136	3122
134	3122
134	3123
133	3123
133	3122
132	3122
132	3124
130	3124
130	3125
128	3125
128	3126
126	3126
126	3127
123	3127
123	3128
121	3128
121	3129
117	3129
117	3130
116	3130
116	3131
115	3131
115	3130
114	3130
114	3131
113	3131
113	3132
111	3132
111	3131
110	3131
110	3133
105	3133
105	3134
101	3134
101	3132
100	3132
100	3133
99	3133
99	3132
98	3132
98	3133
96	3133
96	3132
94	3132
94	3131
92	3131
92	3130
91	3130
91	3129
90	3129
90	3128
89	3128
89	3127
88	3127
88	3125
87	3125
87	3124
86	3124
86	3122
85	3122
85	3120
84	3120
84	3119
85	3119
85	3118
84	3118
84	3117
83	3117
83	3114
84	3114
84	3113
83	3113
83	3112
82	3112
82	3111
83	3111
83	3110
82	3110
82	3107
83	3107
83	3106
82	3106
82	3104
83	3104
83	3103
82	3103
82	3100
81	3100
81	3098
82	3098
82	3097
81	3097
81	3092
83	3092
83	3091
82	3091
82	3090
83	3090
83	3089
82	3089
82	3086
84	3086
84	3085
82	3085
82	3081
83	3081
83	3080
82	3080
82	3079
84	3079
84	3078
83	3078
83	3076
84	3076
84	3075
83	3075
83	3074
84	3074
84	3073
83	3073
83	3072
84	3072
84	3066
85	3066
85	3063
86	3063
86	3059
87	3059
87	3058
88	3058
88	3057
87	3057
87	3054
88	3054
88	3051
89	3051
89	3048
90	3048
90	3045
92	3045
92	3044
91	3044
91	3042
92	3042
92	3039
93	3039
93	3038
94	3038
94	3035
95	3035
95	3032
96	3032
96	3030
97	3030
97	3028
98	3028
98	3026
99	3026
99	3024
100	3024
100	3022
101	3022
101	3020
102	3020
102	3019
103	3019
103	3017
104	3017
104	3015
105	3015
105	3014
106	3014
106	3012
107	3012
107	3011
108	3011
108	3010
109	3010
109	3008
110	3008
110	3006
111	3006
111	3005
112	3005
112	3003
113	3003
113	3002
114	3002
114	3001
115	3001
115	3000
116	3000
116	2998
117	2998
117	2997
118	2997
118	2996
119	2996
119	2995
120	2995
120	2994
121	2994
121	2993
122	2993
122	2991
124	2991
124	2990
125	2990
125	2988
126	2988
126	2987
127	2987
127	2986
128	2986
128	2985
129	2985
129	2984
130	2984
130	2983
131	2983
131	2982
133	2982
133	2981
134	2981
134	2980
135	2980
135	2979
136	2979
136	2978
137	2978
137	2977
138	2977
138	2976
139	2976
139	2975
141	2975
141	2974
143	2974
143	2972
145	2972
145	2971
146	2971
146	2970
147	2970
147	2969
148	2969
148	2968
149	2968
149	2967
151	2967
151	2966
152	2966
152	2965
153	2965
153	2964
154	2964
154	2963
156	2963
156	2962
157	2962
157	2961
158	2961
158	2960
160	2960
160	2959
161	2959
161	2958
162	2958
162	2957
164	2957
164	2956
165	2956
165	2955
166	2955
166	2954
167	2954
167	2953
169	2953
169	2952
171	2952
171	2951
173	2951
173	2950
172	2950
172	2949
173	2949
173	2950
175	2950
175	2949
174	2949
174	2948
175	2948
175	2947
177	2947
177	2946
178	2946
178	2945
179	2945
179	2944
180	2944
180	2943
181	2943
181	2942
182	2942
182	2941
183	2941
183	2940
185	2940
185	2939
186	2939
186	2938
187	2938
187	2937
188	2937
188	2936
189	2936
189	2935
190	2935
190	2934
191	2934
191	2933
192	2933
192	2932
193	2932
193	2931
194	2931
194	2930
195	2930
195	2929
196	2929
196	2928
197	2928
197	2927
198	2927
198	2926
199	2926
199	2925
200	2925
200	2923
201	2923
201	2922
202	2922
202	2921
203	2921
203	2920
204	2920
204	2919
205	2919
205	2917
206	2917
206	2915
207	2915
207	2914
208	2914
208	2912
209	2912
209	2911
210	2911
210	2909
211	2909
211	2907
213	2907
213	2906
212	2906
212	2905
213	2905
213	2902
214	2902
214	2900
215	2900
215	2897
216	2897
216	2893
218	2893
218	2892
217	2892
217	2888
218	2888
218	2882
219	2882
219	2881
218	2881
218	2876
219	2876
219	2875
218	2875
218	2874
219	2874
219	2873
218	2873
218	2870
219	2870
219	2869
217	2869
217	2863
216	2863
216	2861
217	2861
217	2860
216	2860
216	2858
215	2858
215	2856
214	2856
214	2853
213	2853
213	2851
212	2851
212	2848
211	2848
211	2847
212	2847
212	2846
210	2846
210	2845
211	2845
211	2844
209	2844
209	2842
208	2842
208	2840
207	2840
207	2837
206	2837
206	2835
205	2835
205	2834
204	2834
204	2833
203	2833
203	2831
202	2831
202	2830
203	2830
203	2829
201	2829
201	2828
200	2828
200	2826
199	2826
199	2825
198	2825
198	2823
197	2823
197	2822
196	2822
196	2820
195	2820
195	2819
194	2819
194	2817
193	2817
193	2816
192	2816
192	2815
191	2815
191	2813
190	2813
190	2812
189	2812
189	2811
190	2811
190	2810
188	2810
188	2809
187	2809
187	2808
186	2808
186	2806
185	2806
185	2805
184	2805
184	2804
183	2804
183	2802
182	2802
182	2801
181	2801
181	2800
180	2800
180	2799
179	2799
179	2797
178	2797
178	2795
176	2795
176	2793
175	2793
175	2792
174	2792
174	2790
173	2790
173	2789
172	2789
172	2787
171	2787
171	2786
170	2786
170	2785
169	2785
169	2784
168	2784
168	2782
167	2782
167	2781
166	2781
166	2780
165	2780
165	2778
164	2778
164	2777
163	2777
163	2775
162	2775
162	2774
161	2774
161	2772
160	2772
160	2771
159	2771
159	2770
158	2770
158	2768
157	2768
157	2765
155	2765
155	2764
154	2764
154	2763
153	2763
153	2761
152	2761
152	2760
151	2760
151	2758
150	2758
150	2757
149	2757
149	2754
148	2754
148	2753
147	2753
147	2752
146	2752
146	2750
145	2750
145	2749
144	2749
144	2747
143	2747
143	2746
142	2746
142	2745
141	2745
141	2743
140	2743
140	2741
139	2741
139	2740
138	2740
138	2739
137	2739
137	2738
138	2738
138	2737
136	2737
136	2736
135	2736
135	2735
136	2735
136	2734
134	2734
134	2732
133	2732
133	2731
132	2731
132	2729
131	2729
131	2728
130	2728
130	2725
128	2725
128	2723
127	2723
127	2722
128	2722
128	2721
126	2721
126	2720
125	2720
125	2718
124	2718
124	2717
123	2717
123	2716
124	2716
124	2714
123	2714
123	2715
122	2715
122	2713
121	2713
121	2712
120	2712
120	2710
119	2710
119	2708
118	2708
118	2707
117	2707
117	2705
116	2705
116	2704
118	2704
118	2703
115	2703
115	2702
114	2702
114	2699
113	2699
113	2698
112	2698
112	2697
111	2697
111	2695
110	2695
110	2693
111	2693
111	2692
109	2692
109	2691
108	2691
108	2690
107	2690
107	2688
106	2688
106	2686
105	2686
105	2684
104	2684
104	2683
103	2683
103	2680
102	2680
102	2679
101	2679
101	2677
100	2677
100	2676
99	2676
99	2674
98	2674
98	2672
97	2672
97	2670
96	2670
96	2668
95	2668
95	2666
94	2666
94	2665
93	2665
93	2663
92	2663
92	2661
91	2661
91	2658
90	2658
90	2657
89	2657
89	2655
88	2655
88	2653
87	2653
87	2651
86	2651
86	2650
85	2650
85	2648
84	2648
84	2646
83	2646
83	2644
82	2644
82	2642
81	2642
81	2640
80	2640
80	2638
79	2638
79	2637
80	2637
80	2636
78	2636
78	2635
79	2635
79	2634
77	2634
77	2632
76	2632
76	2630
75	2630
75	2627
74	2627
74	2626
73	2626
73	2624
72	2624
72	2621
71	2621
71	2619
70	2619
70	2617
69	2617
69	2614
68	2614
68	2609
67	2609
67	2608
66	2608
66	2604
65	2604
65	2603
67	2603
67	2602
65	2602
65	2598
64	2598
64	2594
65	2594
65	2593
64	2593
64	2590
65	2590
65	2585
66	2585
66	2581
67	2581
67	2579
69	2579
69	2578
68	2578
68	2577
69	2577
69	2575
70	2575
70	2573
71	2573
71	2574
73	2574
73	2573
72	2573
72	2572
73	2572
73	2570
74	2570
74	2569
75	2569
75	2568
77	2568
77	2567
78	2567
78	2566
79	2566
79	2564
81	2564
81	2563
83	2563
83	2562
84	2562
84	2561
86	2561
86	2560
88	2560
88	2559
89	2559
89	2560
90	2560
90	2559
91	2559
91	2558
94	2558
94	2557
98	2557
98	2556
99	2556
99	2557
101	2557
101	2556
103	2556
103	2555
107	2555
107	2556
108	2556
108	2555
109	2555
109	2556
110	2556
110	2555
116	2555
116	2556
118	2556
118	2555
120	2555
120	2556
125	2556
125	2557
126	2557
126	2558
127	2558
127	2557
130	2557
130	2558
133	2558
133	2559
135	2559
135	2560
138	2560
138	2562
139	2562
139	2561
140	2561
140	2563
141	2563
141	2562
142	2562
142	2563
144	2563
144	2565
145	2565
145	2564
146	2564
146	2565
148	2565
148	2566
149	2566
149	2567
151	2567
151	2568
152	2568
152	2569
154	2569
154	2571
155	2571
155	2572
156	2572
156	2571
157	2571
157	2572
156	2572
156	2573
159	2573
159	2574
160	2574
160	2575
162	2575
162	2577
164	2577
164	2578
165	2578
165	2579
166	2579
166	2580
167	2580
167	2581
168	2581
168	2582
169	2582
169	2583
170	2583
170	2584
171	2584
171	2585
172	2585
172	2586
173	2586
173	2587
174	2587
174	2589
175	2589
175	2590
176	2590
176	2591
177	2591
177	2592
178	2592
178	2594
179	2594
179	2595
180	2595
180	2597
181	2597
181	2598
182	2598
182	2599
183	2599
183	2601
184	2601
184	2602
185	2602
185	2604
186	2604
186	2606
187	2606
187	2607
188	2607
188	2609
189	2609
189	2611
190	2611
190	2613
191	2613
191	2615
192	2615
192	2617
193	2617
193	2620
194	2620
194	2622
195	2622
195	2623
196	2623
196	2624
195	2624
195	2625
197	2625
197	2628
198	2628
198	2629
199	2629
199	2632
200	2632
200	2636
201	2636
201	2638
202	2638
202	2639
203	2639
203	2642
204	2642
204	2645
205	2645
205	2648
206	2648
206	2650
207	2650
207	2653
208	2653
208	2656
209	2656
209	2659
208	2659
208	2660
210	2660
210	2663
211	2663
211	2667
212	2667
212	2668
211	2668
211	2669
212	2669
212	2670
213	2670
213	2673
214	2673
214	2676
213	2676
213	2677
215	2677
215	2681
216	2681
216	2683
215	2683
215	2684
217	2684
217	2685
216	2685
216	2686
217	2686
217	2688
218	2688
218	2692
219	2692
219	2696
220	2696
220	2700
221	2700
221	2704
222	2704
222	2705
221	2705
221	2706
222	2706
222	2708
223	2708
223	2709
222	2709
222	2710
223	2710
223	2712
224	2712
224	2715
225	2715
225	2718
224	2718
224	2719
226	2719
226	2722
227	2722
227	2725
228	2725
228	2729
229	2729
229	2730
228	2730
228	2731
229	2731
229	2732
230	2732
230	2735
231	2735
231	2738
232	2738
232	2740
233	2740
233	2743
234	2743
234	2746
235	2746
235	2748
236	2748
236	2751
237	2751
237	2753
238	2753
238	2756
239	2756
239	2758
240	2758
240	2760
241	2760
241	2762
242	2762
242	2763
241	2763
241	2764
243	2764
243	2766
244	2766
244	2768
245	2768
245	2771
246	2771
246	2772
247	2772
247	2775
248	2775
248	2776
249	2776
249	2777
248	2777
248	2778
249	2778
249	2779
251	2779
251	2781
252	2781
252	2783
253	2783
253	2784
254	2784
254	2786
255	2786
255	2787
256	2787
256	2789
257	2789
257	2790
258	2790
258	2791
259	2791
259	2793
260	2793
260	2794
261	2794
261	2795
262	2795
262	2797
263	2797
263	2798
264	2798
264	2799
265	2799
265	2800
266	2800
266	2801
267	2801
267	2802
268	2802
268	2803
269	2803
269	2804
270	2804
270	2805
271	2805
271	2806
272	2806
272	2807
273	2807
273	2808
274	2808
274	2809
275	2809
275	2810
276	2810
276	2811
278	2811
278	2812
279	2812
279	2813
280	2813
280	2814
281	2814
281	2816
282	2816
282	2815
283	2815
283	2816
284	2816
284	2817
286	2817
286	2818
287	2818
287	2819
289	2819
289	2820
290	2820
290	2821
293	2821
293	2822
295	2822
295	2823
297	2823
297	2824
300	2824
300	2825
302	2825
302	2826
304	2826
304	2825
305	2825
305	2797
306	2797
306	2796
305	2796
305	2739
306	2739
306	2738
305	2738
305	2712
306	2712
306	2707
307	2707
307	2706
306	2706
306	2705
307	2705
307	2704
306	2704
306	2685
307	2685
307	2684
306	2684
306	2683
307	2683
307	2682
306	2682
306	2656
307	2656
307	2655
306	2655
306	2653
307	2653
307	2652
306	2652
306	2624
307	2624
307	2623
306	2623
306	2622
307	2622
307	2621
306	2621
306	2618
307	2618
307	2616
308	2616
308	2615
307	2615
307	2614
308	2614
308	2613
307	2613
307	2612
308	2612
308	2610
307	2610
307	2605
308	2605
308	2604
309	2604
309	2603
308	2603
308	2598
310	2598
310	2597
309	2597
309	2593
310	2593
310	2591
311	2591
311	2590
310	2590
310	2589
311	2589
311	2586
312	2586
312	2583
314	2583
314	2582
313	2582
313	2581
314	2581
314	2579
315	2579
315	2577
316	2577
316	2575
317	2575
317	2574
318	2574
318	2572
319	2572
319	2571
320	2571
320	2569
321	2569
321	2568
322	2568
322	2567
323	2567
323	2566
325	2566
325	2565
326	2565
326	2564
327	2564
327	2563
328	2563
328	2562
329	2562
329	2561
331	2561
331	2560
332	2560
332	2559
335	2559
335	2558
337	2558
337	2557
338	2557
338	2558
339	2558
339	2556
344	2556
344	2555
346	2555
346	2556
347	2556
347	2555
348	2555
348	2556
349	2556
349	2555
354	2555
354	2556
355	2556
355	2555
357	2555
357	2556
362	2556
362	2558
363	2558
363	2557
364	2557
364	2558
365	2558
365	2559
366	2559
366	2558
367	2558
367	2559
370	2559
370	2560
372	2560
372	2561
373	2561
373	2562
376	2562
376	2563
377	2563
377	2564
379	2564
379	2565
381	2565
381	2566
382	2566
382	2567
383	2567
383	2568
385	2568
385	2569
386	2569
386	2570
387	2570
387	2571
388	2571
388	2573
389	2573
389	2574
391	2574
391	2575
392	2575
392	2577
393	2577
393	2578
394	2578
394	2579
395	2579
395	2580
396	2580
396	2581
395	2581
395	2582
397	2582
397	2583
398	2583
398	2585
399	2585
399	2586
400	2586
400	2587
399	2587
399	2588
401	2588
401	2589
399	2589
399	2590
402	2590
402	2591
401	2591
401	2592
402	2592
402	2593
403	2593
403	2595
404	2595
404	2599
405	2599
405	2600
404	2600
404	2601
405	2601
405	2603
406	2603
406	2607
407	2607
407	2613
408	2613
408	2632
407	2632
407	2633
408	2633
408	2635
407	2635
407	2636
408	2636
408	2638
407	2638
407	2645
406	2645
406	2649
405	2649
405	2651
406	2651
406	2653
405	2653
405	2658
404	2658
404	2659
403	2659
403	2661
404	2661
404	2663
403	2663
403	2667
401	2667
401	2668
402	2668
402	2671
401	2671
401	2672
400	2672
400	2673
401	2673
401	2674
400	2674
400	2675
401	2675
401	2676
400	2676
400	2680
399	2680
399	2682
398	2682
398	2683
399	2683
399	2684
398	2684
398	2686
397	2686
397	2687
398	2687
398	2688
396	2688
396	2689
397	2689
397	2692
396	2692
396	2696
395	2696
395	2697
394	2697
394	2698
395	2698
395	2699
394	2699
394	2703
393	2703
393	2707
392	2707
392	2708
391	2708
391	2709
392	2709
392	2711
391	2711
391	2715
390	2715
390	2719
389	2719
389	2723
388	2723
388	2727
387	2727
387	2731
386	2731
386	2735
384	2735
384	2736
385	2736
385	2738
384	2738
384	2743
383	2743
383	2747
382	2747
382	2751
381	2751
381	2753
380	2753
380	2754
381	2754
381	2755
380	2755
380	2759
379	2759
379	2763
378	2763
378	2765
377	2765
377	2771
376	2771
376	2775
375	2775
375	2776
374	2776
374	2777
375	2777
375	2778
374	2778
374	2779
373	2779
373	2780
374	2780
374	2783
373	2783
373	2784
372	2784
372	2785
373	2785
373	2786
372	2786
372	2787
371	2787
371	2788
372	2788
372	2789
371	2789
371	2790
372	2790
372	2791
371	2791
371	2795
370	2795
370	2796
369	2796
369	2797
370	2797
370	2799
369	2799
369	2803
368	2803
368	2807
367	2807
367	2809
366	2809
366	2810
367	2810
367	2811
366	2811
366	2814
365	2814
365	2819
367	2819
367	2820
369	2820
369	2821
372	2821
372	2822
376	2822
376	2823
378	2823
378	2824
379	2824
379	2823
384	2823
384	2824
385	2824
385	2823
390	2823
390	2824
391	2824
391	2823
394	2823
394	2822
396	2822
396	2823
397	2823
397	2822
398	2822
398	2821
403	2821
403	2820
405	2820
405	2819
406	2819
406	2820
407	2820
407	2818
410	2818
410	2817
411	2817
411	2818
412	2818
412	2816
413	2816
413	2817
414	2817
414	2815
416	2815
416	2814
418	2814
418	2813
419	2813
419	2812
421	2812
421	2811
422	2811
422	2810
423	2810
423	2809
425	2809
425	2808
426	2808
426	2807
428	2807
428	2806
429	2806
429	2805
430	2805
430	2806
431	2806
431	2803
432	2803
432	2802
433	2802
433	2803
434	2803
434	2801
436	2801
436	2799
437	2799
437	2798
438	2798
438	2797
439	2797
439	2796
440	2796
440	2795
441	2795
441	2794
442	2794
442	2793
443	2793
443	2792
444	2792
444	2791
445	2791
445	2790
446	2790
446	2789
447	2789
447	2787
448	2787
448	2786
450	2786
450	2784
451	2784
451	2783
452	2783
452	2781
453	2781
453	2780
455	2780
455	2778
456	2778
456	2776
457	2776
457	2775
458	2775
458	2774
459	2774
459	2772
460	2772
460	2771
461	2771
461	2769
462	2769
462	2768
464	2768
464	2767
463	2767
463	2766
465	2766
465	2765
466	2765
466	2762
468	2762
468	2761
467	2761
467	2760
468	2760
468	2759
469	2759
469	2757
470	2757
470	2755
471	2755
471	2753
472	2753
472	2752
473	2752
473	2750
474	2750
474	2748
475	2748
475	2746
476	2746
476	2745
477	2745
477	2743
479	2743
479	2742
478	2742
478	2741
479	2741
479	2739
480	2739
480	2737
481	2737
481	2735
482	2735
482	2734
484	2734
484	2733
483	2733
483	2732
484	2732
484	2731
485	2731
485	2728
486	2728
486	2726
487	2726
487	2724
488	2724
488	2722
489	2722
489	2720
490	2720
490	2718
491	2718
491	2716
492	2716
492	2714
493	2714
493	2712
494	2712
494	2711
495	2711
495	2708
496	2708
496	2707
497	2707
497	2704
498	2704
498	2702
499	2702
499	2701
500	2701
500	2700
501	2700
501	2697
502	2697
502	2695
503	2695
503	2693
504	2693
504	2691
505	2691
505	2689
506	2689
506	2687
507	2687
507	2686
508	2686
508	2684
509	2684
509	2683
510	2683
510	2680
511	2680
511	2678
513	2678
513	2675
514	2675
514	2674
515	2674
515	2672
516	2672
516	2670
517	2670
517	2669
518	2669
518	2667
519	2667
519	2666
520	2666
520	2664
522	2664
522	2661
523	2661
523	2660
524	2660
524	2659
525	2659
525	2657
526	2657
526	2656
527	2656
527	2655
528	2655
528	2653
529	2653
529	2652
530	2652
530	2651
531	2651
531	2650
532	2650
532	2649
533	2649
533	2647
534	2647
534	2646
535	2646
535	2645
536	2645
536	2644
537	2644
537	2643
538	2643
538	2642
539	2642
539	2640
540	2640
540	2639
541	2639
541	2638
542	2638
542	2637
543	2637
543	2636
544	2636
544	2635
545	2635
545	2634
546	2634
546	2633
547	2633
547	2632
549	2632
549	2631
550	2631
550	2630
552	2630
552	2628
553	2628
553	2627
554	2627
554	2626
555	2626
555	2625
557	2625
557	2624
558	2624
558	2623
559	2623
559	2622
560	2622
560	2621
563	2621
563	2619
564	2619
564	2618
566	2618
566	2617
568	2617
568	2616
569	2616
569	2615
570	2615
570	2614
572	2614
572	2613
574	2613
574	2612
575	2612
575	2611
577	2611
577	2610
579	2610
579	2609
581	2609
581	2608
583	2608
583	2607
585	2607
585	2606
589	2606
589	2605
590	2605
590	2604
594	2604
594	2603
597	2603
597	2602
599	2602
599	2601
603	2601
603	2600
607	2600
607	2599
615	2599
615	2598
626	2598
626	2599
627	2599
627	2598
628	2598
628	2599
635	2599
635	2600
640	2600
640	2601
643	2601
643	2602
644	2602
644	2603
645	2603
645	2602
646	2602
646	2604
645	2604
645	2610
644	2610
644	2615
643	2615
643	2616
644	2616
644	2617
643	2617
643	2621
642	2621
642	2624
641	2624
641	2625
642	2625
642	2628
641	2628
641	2633
640	2633
640	2636
639	2636
639	2637
640	2637
640	2638
639	2638
639	2643
638	2643
638	2648
637	2648
637	2653
636	2653
636	2654
635	2654
635	2655
636	2655
636	2657
635	2657
635	2659
634	2659
634	2660
635	2660
635	2662
634	2662
634	2666
633	2666
633	2671
632	2671
632	2675
631	2675
631	2679
630	2679
630	2682
629	2682
629	2687
627	2687
627	2689
628	2689
628	2690
627	2690
627	2694
626	2694
626	2698
625	2698
625	2701
624	2701
624	2704
623	2704
623	2705
622	2705
622	2706
623	2706
623	2708
622	2708
622	2709
621	2709
621	2710
622	2710
622	2712
621	2712
621	2715
620	2715
620	2717
619	2717
619	2722
617	2722
617	2723
618	2723
618	2725
617	2725
617	2728
616	2728
616	2731
615	2731
615	2732
614	2732
614	2733
615	2733
615	2734
614	2734
614	2737
612	2737
612	2738
613	2738
613	2740
611	2740
611	2741
612	2741
612	2743
611	2743
611	2746
609	2746
609	2747
610	2747
610	2749
609	2749
609	2750
608	2750
608	2751
609	2751
609	2752
608	2752
608	2755
607	2755
607	2758
606	2758
606	2760
605	2760
605	2763
603	2763
603	2764
604	2764
604	2766
603	2766
603	2768
602	2768
602	2769
601	2769
601	2772
600	2772
600	2774
599	2774
599	2773
598	2773
598	2775
599	2775
599	2776
598	2776
598	2777
597	2777
597	2778
596	2778
596	2780
595	2780
595	2781
594	2781
594	2782
593	2782
593	2783
592	2783
592	2784
591	2784
591	2785
590	2785
590	2786
589	2786
589	2785
588	2785
588	2787
587	2787
587	2788
586	2788
586	2789
584	2789
584	2790
582	2790
582	2791
580	2791
580	2792
578	2792
578	2793
576	2793
576	2794
573	2794
573	2795
572	2795
572	2794
571	2794
571	2795
570	2795
570	2796
566	2796
566	2797
565	2797
565	2795
564	2795
564	2797
563	2797
563	2798
559	2798
559	2799
554	2799
554	2800
548	2800
548	2801
544	2801
544	2802
541	2802
541	2801
540	2801
540	2803
538	2803
538	2802
537	2802
537	2803
535	2803
535	2804
532	2804
532	2803
531	2803
531	2805
526	2805
526	2806
523	2806
523	2805
522	2805
522	2806
521	2806
521	2807
518	2807
518	2808
515	2808
515	2809
511	2809
511	2810
510	2810
510	2809
509	2809
509	2810
507	2810
507	2811
505	2811
505	2810
504	2810
504	2812
500	2812
500	2813
498	2813
498	2814
496	2814
496	2815
494	2815
494	2814
493	2814
493	2816
490	2816
490	2817
488	2817
488	2818
485	2818
485	2819
483	2819
483	2820
482	2820
482	2819
481	2819
481	2821
477	2821
477	2822
475	2822
475	2823
474	2823
474	2824
472	2824
472	2825
471	2825
471	2826
469	2826
469	2827
467	2827
467	2828
465	2828
465	2829
464	2829
464	2830
462	2830
462	2831
460	2831
460	2832
459	2832
459	2833
457	2833
457	2834
456	2834
456	2835
454	2835
454	2836
453	2836
453	2837
452	2837
452	2838
451	2838
451	2839
450	2839
450	2838
449	2838
449	2840
448	2840
448	2841
446	2841
446	2842
444	2842
444	2843
445	2843
445	2844
444	2844
444	2845
443	2845
443	2846
442	2846
442	2847
440	2847
440	2849
439	2849
439	2850
438	2850
438	2851
437	2851
437	2852
436	2852
436	2853
435	2853
435	2854
434	2854
434	2855
433	2855
433	2857
432	2857
432	2858
431	2858
431	2860
430	2860
430	2861
429	2861
429	2862
428	2862
428	2864
427	2864
427	2866
426	2866
426	2867
425	2867
425	2869
424	2869
424	2871
423	2871
423	2872
422	2872
422	2875
421	2875
421	2877
420	2877
420	2879
419	2879
419	2881
418	2881
418	2882
417	2882
417	2883
418	2883
418	2884
417	2884
417	2887
416	2887
416	2891
414	2891
414	2892
415	2892
415	2895
414	2895
414	2898
413	2898
413	2899
414	2899
414	2902
413	2902
413	2906
412	2906
412	2907
413	2907
413	2909
412	2909
412	2910
413	2910
413	2913
412	2913
412	2914
413	2914
413	2915
412	2915
412	2916
413	2916
413	2917
414	2917
414	2924
415	2924
415	2928
416	2928
416	2931
417	2931
417	2933
416	2933
416	2934
418	2934
418	2936
419	2936
419	2938
420	2938
420	2940
421	2940
421	2941
420	2941
420	2942
422	2942
422	2944
423	2944
423	2946
424	2946
424	2947
425	2947
425	2949
426	2949
426	2950
427	2950
427	2951
426	2951
426	2953
427	2953
427	2952
428	2952
428	2954
430	2954
430	2955
431	2955
431	2956
432	2956
432	2957
433	2957
433	2959
434	2959
434	2960
435	2960
