1379	2945
1380	2945
1380	2946
1381	2946
1381	2947
1382	2947
1382	2948
1383	2948
1383	2949
1384	2949
1384	2950
1385	2950
1385	2951
1386	2951
1386	2952
1387	2952
1387	2955
1388	2955
1388	2956
1390	2956
1390	2957
1391	2957
1391	2958
1392	2958
1392	2959
1393	2959
1393	2960
1394	2960
1394	2961
1395	2961
1395	2963
1396	2963
1396	2965
1398	2965
1398	2966
1399	2966
1399	2967
1400	2967
1400	2969
1401	2969
1401	2970
1402	2970
1402	2972
1403	2972
1403	2973
1404	2973
1404	2974
1405	2974
1405	2976
1406	2976
1406	2978
1407	2978
1407	2979
1408	2979
1408	2980
1409	2980
1409	2982
1410	2982
1410	2984
1411	2984
1411	2986
1412	2986
1412	2988
1413	2988
1413	2990
1414	2990
1414	2992
1415	2992
1415	2994
1414	2994
1414	2995
1416	2995
1416	2998
1417	2998
1417	3001
1418	3001
1418	3006
1419	3006
1419	3014
1420	3014
1420	3018
1419	3018
1419	3021
1418	3021
1418	3022
1419	3022
1419	3023
1418	3023
1418	3024
1419	3024
1419	3027
1418	3027
1418	3031
1417	3031
1417	3034
1416	3034
1416	3037
1415	3037
1415	3040
1414	3040
1414	3042
1413	3042
1413	3044
1412	3044
1412	3046
1411	3046
1411	3047
1410	3047
1410	3049
1409	3049
1409	3050
1408	3050
1408	3052
1406	3052
1406	3053
1405	3053
1405	3054
1406	3054
1406	3055
1405	3055
1405	3056
1404	3056
1404	3057
1403	3057
1403	3058
1402	3058
1402	3059
1401	3059
1401	3060
1399	3060
1399	3062
1398	3062
1398	3063
1397	3063
1397	3064
1396	3064
1396	3065
1395	3065
1395	3066
1393	3066
1393	3068
1392	3068
1392	3069
1390	3069
1390	3070
1389	3070
1389	3071
1388	3071
1388	3072
1386	3072
1386	3073
1385	3073
1385	3074
1383	3074
1383	3075
1380	3075
1380	3077
1379	3077
1379	3076
1378	3076
1378	3078
1376	3078
1376	3079
1373	3079
1373	3080
1371	3080
1371	3081
1369	3081
1369	3082
1366	3082
1366	3083
1363	3083
1363	3084
1360	3084
1360	3085
1356	3085
1356	3086
1354	3086
1354	3085
1353	3085
1353	3086
1351	3086
1351	3087
1344	3087
1344	3086
1343	3086
1343	3087
1341	3087
1341	3088
1340	3088
1340	3087
1339	3087
1339	3088
1338	3088
1338	3087
1337	3087
1337	3088
1328	3088
1328	3087
1324	3087
1324	3086
1323	3086
1323	3087
1320	3087
1320	3086
1319	3086
1319	3087
1318	3087
1318	3086
1311	3086
1311	3085
1306	3085
1306	3084
1302	3084
1302	3083
1298	3083
1298	3081
1297	3081
1297	3082
1295	3082
1295	3081
1291	3081
1291	3080
1288	3080
1288	3079
1285	3079
1285	3078
1283	3078
1283	3077
1282	3077
1282	3076
1281	3076
1281	3077
1280	3077
1280	3076
1277	3076
1277	3075
1276	3075
1276	3074
1277	3074
1277	3073
1275	3073
1275	3074
1272	3074
1272	3073
1270	3073
1270	3071
1269	3071
1269	3072
1268	3072
1268	3070
1267	3070
1267	3071
1266	3071
1266	3070
1263	3070
1263	3069
1261	3069
1261	3068
1260	3068
1260	3067
1257	3067
1257	3066
1255	3066
1255	3065
1253	3065
1253	3064
1251	3064
1251	3063
1249	3063
1249	3062
1247	3062
1247	3061
1245	3061
1245	3060
1243	3060
1243	3059
1244	3059
1244	3058
1242	3058
1242	3059
1241	3059
1241	3058
1240	3058
1240	3057
1238	3057
1238	3055
1237	3055
1237	3056
1236	3056
1236	3055
1235	3055
1235	3054
1232	3054
1232	3053
1230	3053
1230	3051
1229	3051
1229	3052
1228	3052
1228	3051
1227	3051
1227	3050
1226	3050
1226	3049
1225	3049
1225	3048
1224	3048
1224	3049
1223	3049
1223	3048
1221	3048
1221	3047
1219	3047
1219	3046
1218	3046
1218	3045
1217	3045
1217	3044
1216	3044
1216	3045
1215	3045
1215	3044
1213	3044
1213	3043
1211	3043
1211	3041
1210	3041
1210	3042
1209	3042
1209	3041
1207	3041
1207	3040
1205	3040
1205	3039
1204	3039
1204	3038
1202	3038
1202	3037
1200	3037
1200	3036
1197	3036
1197	3035
1196	3035
1196	3034
1195	3034
1195	3033
1194	3033
1194	3034
1192	3034
1192	3033
1190	3033
1190	3032
1188	3032
1188	3031
1186	3031
1186	3030
1185	3030
1185	3029
1184	3029
1184	3030
1182	3030
1182	3028
1181	3028
1181	3029
1179	3029
1179	3028
1176	3028
1176	3027
1174	3027
1174	3026
1170	3026
1170	3024
1169	3024
1169	3025
1166	3025
1166	3024
1161	3024
1161	3023
1157	3023
1157	3022
1156	3022
1156	3023
1155	3023
1155	3022
1147	3022
1147	3020
1146	3020
1146	3022
1140	3022
1140	3021
1139	3021
1139	3022
1129	3022
1129	3023
1124	3023
1124	3024
1123	3024
1123	3023
1122	3023
1122	3024
1121	3024
1121	3025
1118	3025
1118	3026
1117	3026
1117	3025
1116	3025
1116	3026
1114	3026
1114	3027
1113	3027
1113	3028
1112	3028
1112	3027
1111	3027
1111	3029
1109	3029
1109	3030
1107	3030
1107	3031
1106	3031
1106	3032
1104	3032
1104	3033
1103	3033
1103	3034
1101	3034
1101	3035
1100	3035
1100	3036
1099	3036
1099	3037
1098	3037
1098	3038
1097	3038
1097	3039
1095	3039
1095	3040
1093	3040
1093	3041
1092	3041
1092	3044
1091	3044
1091	3045
1090	3045
1090	3046
1089	3046
1089	3047
1088	3047
1088	3048
1086	3048
1086	3049
1087	3049
1087	3050
1085	3050
1085	3053
1084	3053
1084	3054
1083	3054
1083	3056
1081	3056
1081	3057
1082	3057
1082	3058
1081	3058
1081	3059
1080	3059
1080	3062
1079	3062
1079	3065
1078	3065
1078	3068
1077	3068
1077	3072
1075	3072
1075	3073
1076	3073
1076	3076
1074	3076
1074	3074
1075	3074
1075	3073
1074	3073
1074	3071
1073	3071
1073	3068
1072	3068
1072	3065
1071	3065
1071	3062
1070	3062
1070	3061
1071	3061
1071	3060
1070	3060
1070	3058
1068	3058
1068	3056
1067	3056
1067	3054
1066	3054
1066	3052
1065	3052
1065	3050
1064	3050
1064	3048
1063	3048
1063	3046
1062	3046
1062	3045
1061	3045
1061	3043
1060	3043
1060	3042
1059	3042
1059	3041
1058	3041
1058	3039
1057	3039
1057	3038
1056	3038
1056	3037
1055	3037
1055	3036
1054	3036
1054	3035
1055	3035
1055	3034
1053	3034
1053	3033
1052	3033
1052	3032
1051	3032
1051	3031
1050	3031
1050	3030
1049	3030
1049	3028
1047	3028
1047	3026
1046	3026
1046	3027
1045	3027
1045	3026
1044	3026
1044	3025
1043	3025
1043	3024
1042	3024
1042	3023
1040	3023
1040	3022
1039	3022
1039	3021
1037	3021
1037	3020
1036	3020
1036	3019
1034	3019
1034	3018
1032	3018
1032	3017
1030	3017
1030	3015
1029	3015
1029	3016
1028	3016
1028	3015
1029	3015
1029	3014
1027	3014
1027	3015
1026	3015
1026	3014
1023	3014
1023	3013
1020	3013
1020	3012
1014	3012
1014	3011
1010	3011
1010	3010
1009	3010
1009	3011
999	3011
999	3010
998	3010
998	3012
994	3012
994	3013
992	3013
992	3011
991	3011
991	3013
990	3013
990	3014
986	3014
986	3015
985	3015
985	3016
983	3016
983	3017
981	3017
981	3018
979	3018
979	3019
978	3019
978	3018
977	3018
977	3020
976	3020
976	3021
975	3021
975	3020
974	3020
974	3022
973	3022
973	3023
972	3023
972	3024
971	3024
971	3025
969	3025
969	3026
968	3026
968	3027
967	3027
967	3028
966	3028
966	3029
965	3029
965	3030
964	3030
964	3031
963	3031
963	3032
962	3032
962	3033
961	3033
961	3035
960	3035
960	3036
959	3036
959	3037
958	3037
958	3038
956	3038
956	3039
957	3039
957	3040
956	3040
956	3041
954	3041
954	3042
953	3042
953	3043
954	3043
954	3044
953	3044
953	3045
952	3045
952	3046
951	3046
951	3048
950	3048
950	3049
949	3049
949	3051
947	3051
947	3052
946	3052
946	3053
945	3053
945	3054
946	3054
946	3055
945	3055
945	3056
944	3056
944	3058
943	3058
943	3059
942	3059
942	3060
941	3060
941	3062
939	3062
939	3063
938	3063
938	3064
939	3064
939	3065
937	3065
937	3067
936	3067
936	3069
935	3069
935	3070
934	3070
934	3071
933	3071
933	3073
932	3073
932	3074
931	3074
931	3073
930	3073
930	3075
929	3075
929	3076
928	3076
928	3079
927	3079
927	3080
926	3080
926	3081
925	3081
925	3082
924	3082
924	3083
922	3083
922	3085
921	3085
921	3086
919	3086
919	3087
918	3087
918	3088
917	3088
917	3089
916	3089
916	3090
915	3090
915	3091
913	3091
913	3092
912	3092
912	3093
911	3093
911	3094
909	3094
909	3095
908	3095
908	3096
906	3096
906	3097
905	3097
905	3098
903	3098
903	3099
902	3099
902	3098
901	3098
901	3099
900	3099
900	3101
898	3101
898	3102
897	3102
897	3101
896	3101
896	3103
893	3103
893	3104
892	3104
892	3105
890	3105
890	3106
888	3106
888	3107
886	3107
886	3108
883	3108
883	3109
881	3109
881	3110
878	3110
878	3111
877	3111
877	3110
875	3110
875	3111
876	3111
876	3112
875	3112
875	3111
874	3111
874	3112
873	3112
873	3113
870	3113
870	3114
869	3114
869	3113
868	3113
868	3115
865	3115
865	3116
860	3116
860	3117
858	3117
858	3118
855	3118
855	3119
852	3119
852	3120
851	3120
851	3119
850	3119
850	3120
848	3120
848	3121
844	3121
844	3122
843	3122
843	3121
842	3121
842	3122
841	3122
841	3123
839	3123
839	3122
838	3122
838	3123
837	3123
837	3124
836	3124
836	3123
835	3123
835	3124
834	3124
834	3123
833	3123
833	3125
830	3125
830	3124
829	3124
829	3126
828	3126
828	3125
827	3125
827	3126
825	3126
825	3127
823	3127
823	3126
822	3126
822	3127
821	3127
821	3126
820	3126
820	3127
815	3127
815	3126
814	3126
814	3127
812	3127
812	3126
810	3126
810	3125
807	3125
807	3124
805	3124
805	3123
804	3123
804	3122
803	3122
803	3121
802	3121
802	3120
801	3120
801	3118
800	3118
800	3116
799	3116
799	3115
798	3115
798	3114
799	3114
799	3113
798	3113
798	3112
797	3112
797	3110
796	3110
796	3107
795	3107
795	3104
794	3104
794	3103
795	3103
795	3102
794	3102
794	3100
793	3100
793	3099
794	3099
794	3098
793	3098
793	3097
792	3097
792	3093
791	3093
791	3089
790	3089
790	3085
789	3085
789	3082
788	3082
788	3081
789	3081
789	3079
788	3079
788	3077
787	3077
787	3076
788	3076
788	3075
787	3075
787	3074
788	3074
788	3073
786	3073
786	3068
785	3068
785	3062
784	3062
784	3061
785	3061
785	3060
784	3060
784	3057
785	3057
785	3056
783	3056
783	3055
784	3055
784	3054
783	3054
783	3049
782	3049
782	3048
783	3048
783	3047
782	3047
782	3044
783	3044
783	3043
782	3043
782	3042
783	3042
783	3041
782	3041
782	3038
781	3038
781	3032
782	3032
782	3031
781	3031
781	3029
782	3029
782	3028
781	3028
781	3027
782	3027
782	3026
781	3026
781	3023
782	3023
782	3022
781	3022
781	3021
783	3021
783	3020
781	3020
781	3018
782	3018
782	3017
781	3017
781	3016
782	3016
782	3015
781	3015
781	3014
782	3014
782	3013
781	3013
781	3005
782	3005
782	3004
781	3004
781	3003
782	3003
782	3004
783	3004
783	3001
782	3001
782	2999
783	2999
783	2998
782	2998
782	2997
783	2997
783	2996
782	2996
782	2995
783	2995
783	2988
784	2988
784	2983
785	2983
785	2979
786	2979
786	2975
787	2975
787	2971
789	2971
789	2970
788	2970
788	2969
789	2969
789	2967
790	2967
790	2966
789	2966
789	2965
790	2965
790	2963
791	2963
791	2962
792	2962
792	2961
791	2961
791	2960
792	2960
792	2957
793	2957
793	2955
794	2955
794	2953
795	2953
795	2950
796	2950
796	2948
797	2948
797	2946
798	2946
798	2945
799	2945
799	2943
800	2943
800	2941
801	2941
801	2940
802	2940
802	2938
803	2938
803	2936
804	2936
804	2935
805	2935
805	2934
806	2934
806	2933
807	2933
807	2931
808	2931
808	2930
809	2930
809	2928
810	2928
810	2927
811	2927
811	2926
813	2926
813	2925
814	2925
814	2923
815	2923
815	2921
816	2921
816	2920
817	2920
817	2919
818	2919
818	2918
819	2918
819	2917
820	2917
820	2916
821	2916
821	2915
822	2915
822	2914
824	2914
824	2913
825	2913
825	2912
826	2912
826	2911
827	2911
827	2910
828	2910
828	2909
829	2909
829	2908
831	2908
831	2907
832	2907
832	2906
833	2906
833	2905
835	2905
835	2904
836	2904
836	2903
838	2903
838	2902
839	2902
839	2901
841	2901
841	2900
843	2900
843	2899
844	2899
844	2898
845	2898
845	2899
846	2899
846	2897
848	2897
848	2896
850	2896
850	2895
852	2895
852	2894
853	2894
853	2895
854	2895
854	2894
855	2894
855	2893
856	2893
856	2894
857	2894
857	2892
859	2892
859	2891
860	2891
860	2892
861	2892
861	2891
862	2891
862	2890
864	2890
864	2889
868	2889
868	2888
871	2888
871	2887
874	2887
874	2888
875	2888
875	2886
881	2886
881	2885
890	2885
890	2886
891	2886
891	2884
893	2884
893	2885
894	2885
894	2884
895	2884
895	2885
896	2885
896	2884
898	2884
898	2885
899	2885
899	2886
900	2886
900	2885
908	2885
908	2884
907	2884
907	2883
906	2883
906	2882
905	2882
905	2881
904	2881
904	2880
903	2880
903	2879
902	2879
902	2878
901	2878
901	2877
900	2877
900	2876
899	2876
899	2875
898	2875
898	2873
896	2873
896	2871
895	2871
895	2870
894	2870
894	2868
893	2868
893	2867
892	2867
892	2865
891	2865
891	2863
890	2863
890	2862
889	2862
889	2860
888	2860
888	2858
887	2858
887	2856
886	2856
886	2852
885	2852
885	2851
884	2851
884	2848
883	2848
883	2844
882	2844
882	2842
881	2842
881	2839
880	2839
880	2835
879	2835
879	2831
878	2831
878	2827
877	2827
877	2826
878	2826
878	2825
877	2825
877	2821
876	2821
876	2815
875	2815
875	2814
876	2814
876	2813
875	2813
875	2809
876	2809
876	2808
875	2808
875	2806
874	2806
874	2804
875	2804
875	2803
874	2803
874	2802
875	2802
875	2801
874	2801
874	2794
873	2794
873	2789
874	2789
874	2788
873	2788
873	2757
875	2757
875	2756
874	2756
874	2751
875	2751
875	2750
874	2750
874	2742
876	2742
876	2741
875	2741
875	2736
876	2736
876	2735
875	2735
875	2732
876	2732
876	2725
877	2725
877	2720
878	2720
878	2715
879	2715
879	2711
880	2711
880	2708
881	2708
881	2704
883	2704
883	2703
882	2703
882	2701
883	2701
883	2700
884	2700
884	2696
885	2696
885	2694
886	2694
886	2692
887	2692
887	2690
888	2690
888	2688
889	2688
889	2687
890	2687
890	2686
891	2686
891	2685
890	2685
890	2684
892	2684
892	2682
893	2682
893	2680
894	2680
894	2679
895	2679
895	2677
896	2677
896	2676
897	2676
897	2675
899	2675
899	2673
900	2673
900	2672
901	2672
901	2671
902	2671
902	2670
903	2670
903	2669
904	2669
904	2668
905	2668
905	2667
907	2667
907	2666
908	2666
908	2665
909	2665
909	2666
910	2666
910	2665
911	2665
911	2663
914	2663
914	2662
915	2662
915	2661
917	2661
917	2660
919	2660
919	2659
922	2659
922	2658
923	2658
923	2659
924	2659
924	2658
925	2658
925	2657
929	2657
929	2656
935	2656
935	2655
939	2655
939	2656
940	2656
940	2655
949	2655
949	2656
952	2656
952	2657
953	2657
953	2656
954	2656
954	2657
955	2657
955	2656
956	2656
956	2657
960	2657
960	2658
964	2658
964	2659
967	2659
967	2660
969	2660
969	2661
970	2661
970	2662
971	2662
971	2661
972	2661
972	2662
974	2662
974	2663
975	2663
975	2664
978	2664
978	2665
979	2665
979	2666
981	2666
981	2667
983	2667
983	2668
984	2668
984	2669
986	2669
986	2670
987	2670
987	2671
988	2671
988	2672
989	2672
989	2673
991	2673
991	2674
992	2674
992	2676
994	2676
994	2677
995	2677
995	2678
996	2678
996	2679
997	2679
997	2680
998	2680
998	2681
999	2681
999	2682
1000	2682
1000	2684
1001	2684
1001	2685
1002	2685
1002	2686
1003	2686
1003	2687
1004	2687
1004	2689
1005	2689
1005	2690
1006	2690
1006	2691
1005	2691
1005	2692
1007	2692
1007	2693
1008	2693
1008	2695
1009	2695
1009	2696
1010	2696
1010	2697
1009	2697
1009	2698
1011	2698
1011	2699
1010	2699
1010	2700
1012	2700
1012	2701
1013	2701
1013	2703
1014	2703
1014	2706
1015	2706
1015	2708
1016	2708
1016	2711
1017	2711
1017	2712
1018	2712
1018	2715
1019	2715
1019	2717
1020	2717
1020	2721
1021	2721
1021	2724
1022	2724
1022	2726
1023	2726
1023	2715
1024	2715
1024	2714
1023	2714
1023	2709
1022	2709
1022	2702
1023	2702
1023	2701
1022	2701
1022	2698
1021	2698
1021	2690
1020	2690
1020	2683
1019	2683
1019	2678
1020	2678
1020	2677
1019	2677
1019	2676
1018	2676
1018	2670
1017	2670
1017	2667
1018	2667
1018	2666
1017	2666
1017	2663
1016	2663
1016	2656
1015	2656
1015	2649
1014	2649
1014	2644
1015	2644
1015	2643
1014	2643
1014	2640
1013	2640
1013	2638
1014	2638
1014	2637
1013	2637
1013	2634
1014	2634
1014	2633
1013	2633
1013	2631
1012	2631
1012	2625
1013	2625
1013	2623
1012	2623
1012	2600
1013	2600
1013	2599
1014	2599
1014	2598
1012	2598
1012	2597
1013	2597
1013	2596
1012	2596
1012	2593
1013	2593
1013	2587
1014	2587
1014	2586
1013	2586
1013	2585
1014	2585
1014	2584
1015	2584
1015	2583
1014	2583
1014	2580
1015	2580
1015	2575
1016	2575
1016	2574
1017	2574
1017	2573
1016	2573
1016	2572
1017	2572
1017	2569
1018	2569
1018	2567
1019	2567
1019	2566
1018	2566
1018	2565
1019	2565
1019	2564
1020	2564
1020	2563
1019	2563
1019	2562
1020	2562
1020	2560
1021	2560
1021	2558
1023	2558
1023	2557
1022	2557
1022	2555
1023	2555
1023	2553
1024	2553
1024	2551
1025	2551
1025	2549
1026	2549
1026	2548
1027	2548
1027	2546
1028	2546
1028	2545
1029	2545
1029	2543
1030	2543
1030	2541
1031	2541
1031	2540
1032	2540
1032	2539
1033	2539
1033	2538
1034	2538
1034	2536
1035	2536
1035	2535
1036	2535
1036	2534
1037	2534
1037	2533
1038	2533
1038	2532
1039	2532
1039	2531
1040	2531
1040	2530
1041	2530
1041	2529
1043	2529
1043	2528
1044	2528
1044	2527
1045	2527
1045	2526
1046	2526
1046	2527
1047	2527
1047	2525
1048	2525
1048	2524
1049	2524
1049	2523
1051	2523
1051	2522
1052	2522
1052	2521
1054	2521
1054	2520
1056	2520
1056	2519
1058	2519
1058	2518
1060	2518
1060	2517
1062	2517
1062	2516
1064	2516
1064	2515
1068	2515
1068	2514
1069	2514
1069	2515
1070	2515
1070	2513
1073	2513
1073	2512
1076	2512
1076	2513
1077	2513
1077	2512
1078	2512
1078	2511
1081	2511
1081	2512
1082	2512
1082	2511
1086	2511
1086	2512
1087	2512
1087	2511
1098	2511
1098	2512
1099	2512
1099	2513
1100	2513
1100	2512
1103	2512
1103	2513
1105	2513
1105	2514
1108	2514
1108	2516
1109	2516
1109	2515
1111	2515
1111	2517
1112	2517
1112	2516
1113	2516
1113	2518
1115	2518
1115	2519
1117	2519
1117	2520
1119	2520
1119	2521
1120	2521
1120	2522
1121	2522
1121	2523
1123	2523
1123	2524
1124	2524
1124	2525
1125	2525
1125	2526
1126	2526
1126	2527
1127	2527
1127	2529
1128	2529
1128	2530
1129	2530
1129	2531
1130	2531
1130	2532
1131	2532
1131	2533
1130	2533
1130	2534
1131	2534
1131	2535
1133	2535
1133	2536
1134	2536
1134	2538
1135	2538
1135	2540
1136	2540
1136	2541
1137	2541
1137	2542
1136	2542
1136	2543
1137	2543
1137	2544
1138	2544
1138	2546
1139	2546
1139	2547
1140	2547
1140	2551
1142	2551
1142	2552
1141	2552
1141	2553
1142	2553
1142	2554
1143	2554
1143	2556
1144	2556
1144	2558
1145	2558
1145	2561
1146	2561
1146	2564
1147	2564
1147	2565
1146	2565
1146	2566
1147	2566
1147	2567
1148	2567
1148	2569
1149	2569
1149	2572
1150	2572
1150	2576
1151	2576
1151	2579
1152	2579
1152	2582
1153	2582
1153	2586
1152	2586
1152	2587
1154	2587
1154	2588
1153	2588
1153	2589
1154	2589
1154	2590
1155	2590
1155	2594
1156	2594
1156	2595
1155	2595
1155	2596
1156	2596
1156	2598
1157	2598
1157	2603
1158	2603
1158	2607
1157	2607
1157	2608
1158	2608
1158	2609
1159	2609
1159	2616
1160	2616
1160	2623
1161	2623
1161	2627
1160	2627
1160	2628
1161	2628
1161	2635
1162	2635
1162	2636
1161	2636
1161	2637
1162	2637
1162	2645
1161	2645
1161	2646
1162	2646
1162	2647
1161	2647
1161	2648
1162	2648
1162	2657
1161	2657
1161	2658
1162	2658
1162	2665
1161	2665
1161	2667
1162	2667
1162	2669
1161	2669
1161	2675
1160	2675
1160	2676
1161	2676
1161	2680
1160	2680
1160	2688
1159	2688
1159	2691
1158	2691
1158	2692
1159	2692
1159	2695
1158	2695
1158	2700
1157	2700
1157	2705
1155	2705
1155	2706
1156	2706
1156	2707
1155	2707
1155	2708
1156	2708
1156	2710
1155	2710
1155	2714
1154	2714
1154	2718
1153	2718
1153	2721
1151	2721
1151	2722
1152	2722
1152	2725
1151	2725
1151	2728
1149	2728
1149	2729
1150	2729
1150	2730
1151	2730
1151	2729
1152	2729
1152	2728
1153	2728
1153	2726
1154	2726
1154	2725
1155	2725
1155	2724
1156	2724
1156	2722
1157	2722
1157	2721
1158	2721
1158	2719
1159	2719
1159	2718
1160	2718
1160	2717
1161	2717
1161	2715
1162	2715
1162	2714
1164	2714
1164	2713
1163	2713
1163	2712
1164	2712
1164	2711
1165	2711
1165	2710
1167	2710
1167	2709
1166	2709
1166	2708
1167	2708
1167	2707
1168	2707
1168	2706
1169	2706
1169	2705
1170	2705
1170	2704
1171	2704
1171	2702
1173	2702
1173	2701
1174	2701
1174	2698
1175	2698
1175	2697
1176	2697
1176	2696
1177	2696
1177	2695
1178	2695
1178	2694
1179	2694
1179	2692
1180	2692
1180	2691
1181	2691
1181	2690
1182	2690
1182	2689
1183	2689
1183	2688
1184	2688
1184	2687
1185	2687
1185	2686
1186	2686
1186	2685
1187	2685
1187	2684
1188	2684
1188	2683
1189	2683
1189	2682
1190	2682
1190	2680
1192	2680
1192	2678
1194	2678
1194	2677
1196	2677
1196	2675
1197	2675
1197	2674
1198	2674
1198	2673
1199	2673
1199	2672
1200	2672
1200	2671
1202	2671
1202	2669
1203	2669
1203	2668
1205	2668
1205	2667
1206	2667
1206	2666
1207	2666
1207	2665
1208	2665
1208	2664
1210	2664
1210	2663
1211	2663
1211	2662
1212	2662
1212	2661
1214	2661
1214	2660
1216	2660
1216	2658
1218	2658
1218	2657
1220	2657
1220	2656
1221	2656
1221	2655
1224	2655
1224	2653
1225	2653
1225	2654
1226	2654
1226	2652
1229	2652
1229	2651
1230	2651
1230	2650
1232	2650
1232	2649
1233	2649
1233	2650
1234	2650
1234	2649
1235	2649
1235	2648
1236	2648
1236	2647
1238	2647
1238	2646
1241	2646
1241	2645
1243	2645
1243	2644
1246	2644
1246	2643
1248	2643
1248	2644
1249	2644
1249	2643
1250	2643
1250	2642
1253	2642
1253	2641
1257	2641
1257	2640
1263	2640
1263	2639
1269	2639
1269	2640
1270	2640
1270	2639
1275	2639
1275	2640
1276	2640
1276	2638
1277	2638
1277	2639
1283	2639
1283	2640
1284	2640
1284	2639
1289	2639
1289	2640
1295	2640
1295	2641
1298	2641
1298	2642
1302	2642
1302	2643
1303	2643
1303	2644
1304	2644
1304	2643
1306	2643
1306	2644
1308	2644
1308	2645
1310	2645
1310	2646
1313	2646
1313	2647
1315	2647
1315	2648
1317	2648
1317	2649
1319	2649
1319	2650
1320	2650
1320	2651
1321	2651
1321	2652
1322	2652
1322	2651
1323	2651
1323	2652
1322	2652
1322	2653
1326	2653
1326	2654
1328	2654
1328	2655
1329	2655
1329	2656
1330	2656
1330	2657
1332	2657
1332	2658
1333	2658
1333	2659
1334	2659
1334	2660
1336	2660
1336	2661
1337	2661
1337	2662
1338	2662
1338	2663
1339	2663
1339	2664
1340	2664
1340	2665
1341	2665
1341	2667
1343	2667
1343	2668
1344	2668
1344	2669
1345	2669
1345	2670
1346	2670
1346	2671
1347	2671
1347	2672
1348	2672
1348	2674
1349	2674
1349	2675
1350	2675
1350	2676
1351	2676
1351	2677
1350	2677
1350	2678
1352	2678
1352	2679
1353	2679
1353	2680
1354	2680
1354	2682
1355	2682
1355	2684
1356	2684
1356	2685
1357	2685
1357	2687
1358	2687
1358	2689
1359	2689
1359	2691
1360	2691
1360	2693
1361	2693
1361	2696
1362	2696
1362	2697
1361	2697
1361	2698
1363	2698
1363	2700
1362	2700
1362	2701
1363	2701
1363	2702
1364	2702
1364	2704
1365	2704
1365	2705
1364	2705
1364	2706
1365	2706
1365	2708
1366	2708
1366	2714
1367	2714
1367	2715
1366	2715
1366	2716
1367	2716
1367	2720
1368	2720
1368	2740
1366	2740
1366	2741
1367	2741
1367	2743
1366	2743
1366	2744
1367	2744
1367	2745
1366	2745
1366	2746
1367	2746
1367	2747
1365	2747
1365	2748
1366	2748
1366	2752
1365	2752
1365	2754
1364	2754
1364	2755
1365	2755
1365	2756
1364	2756
1364	2759
1363	2759
1363	2762
1362	2762
1362	2764
1360	2764
1360	2765
1361	2765
1361	2767
1360	2767
1360	2769
1359	2769
1359	2771
1358	2771
1358	2772
1357	2772
1357	2775
1356	2775
1356	2777
1355	2777
1355	2778
1354	2778
1354	2779
1353	2779
1353	2782
1352	2782
1352	2783
1351	2783
1351	2785
1350	2785
1350	2786
1349	2786
1349	2787
1347	2787
1347	2788
1348	2788
1348	2789
1347	2789
1347	2788
1346	2788
1346	2790
1345	2790
1345	2792
1344	2792
1344	2793
1342	2793
1342	2794
1341	2794
1341	2796
1340	2796
1340	2797
1339	2797
1339	2798
1338	2798
1338	2799
1337	2799
1337	2800
1336	2800
1336	2801
1334	2801
1334	2803
1332	2803
1332	2804
1331	2804
1331	2805
1330	2805
1330	2806
1329	2806
1329	2807
1327	2807
1327	2808
1326	2808
1326	2809
1323	2809
1323	2811
1321	2811
1321	2812
1320	2812
1320	2811
1319	2811
1319	2813
1318	2813
1318	2814
1316	2814
1316	2815
1315	2815
1315	2816
1314	2816
1314	2817
1311	2817
1311	2818
1310	2818
1310	2819
1308	2819
1308	2820
1307	2820
1307	2821
1305	2821
1305	2822
1303	2822
1303	2823
1301	2823
1301	2824
1298	2824
1298	2825
1297	2825
1297	2826
1295	2826
1295	2827
1293	2827
1293	2828
1292	2828
1292	2827
1291	2827
1291	2829
1289	2829
1289	2830
1287	2830
1287	2831
1285	2831
1285	2832
1282	2832
1282	2833
1281	2833
1281	2834
1279	2834
1279	2835
1278	2835
1278	2834
1277	2834
1277	2836
1273	2836
1273	2837
1272	2837
1272	2838
1269	2838
1269	2839
1268	2839
1268	2840
1266	2840
1266	2841
1264	2841
1264	2842
1263	2842
1263	2841
1262	2841
1262	2842
1261	2842
1261	2843
1259	2843
1259	2844
1258	2844
1258	2845
1256	2845
1256	2846
1255	2846
1255	2847
1254	2847
1254	2846
1253	2846
1253	2848
1251	2848
1251	2849
1249	2849
1249	2850
1247	2850
1247	2851
1246	2851
1246	2852
1245	2852
1245	2851
1244	2851
1244	2853
1242	2853
1242	2854
1241	2854
1241	2855
1239	2855
1239	2856
1238	2856
1238	2857
1235	2857
1235	2858
1234	2858
1234	2859
1233	2859
1233	2860
1232	2860
1232	2861
1231	2861
1231	2862
1229	2862
1229	2863
1228	2863
1228	2864
1227	2864
1227	2865
1225	2865
1225	2866
1224	2866
1224	2868
1223	2868
1223	2867
1221	2867
1221	2868
1222	2868
1222	2869
1221	2869
1221	2870
1220	2870
1220	2871
1219	2871
1219	2872
1218	2872
1218	2873
1217	2873
1217	2874
1216	2874
1216	2876
1215	2876
1215	2877
1214	2877
1214	2878
1213	2878
1213	2879
1233	2879
1233	2880
1243	2880
1243	2881
1245	2881
1245	2882
1246	2882
1246	2881
1250	2881
1250	2882
1253	2882
1253	2883
1254	2883
1254	2882
1256	2882
1256	2883
1257	2883
1257	2884
1258	2884
1258	2883
1261	2883
1261	2884
1263	2884
1263	2885
1265	2885
1265	2884
1266	2884
1266	2885
1269	2885
1269	2886
1274	2886
1274	2887
1277	2887
1277	2888
1281	2888
1281	2889
1283	2889
1283	2890
1287	2890
1287	2891
1289	2891
1289	2892
1293	2892
1293	2893
1296	2893
1296	2894
1299	2894
1299	2895
1301	2895
1301	2896
1304	2896
1304	2897
1306	2897
1306	2899
1307	2899
1307	2898
1309	2898
1309	2899
1311	2899
1311	2900
1312	2900
1312	2901
1313	2901
1313	2902
1314	2902
1314	2901
1315	2901
1315	2903
1316	2903
1316	2902
1317	2902
1317	2903
1319	2903
1319	2904
1321	2904
1321	2905
1323	2905
1323	2906
1325	2906
1325	2907
1327	2907
1327	2908
1329	2908
1329	2909
1331	2909
1331	2910
1333	2910
1333	2911
1334	2911
1334	2912
1336	2912
1336	2913
1338	2913
1338	2914
1339	2914
1339	2915
1341	2915
1341	2916
1343	2916
1343	2917
1344	2917
1344	2918
1346	2918
1346	2919
1347	2919
1347	2920
1349	2920
1349	2922
1352	2922
1352	2923
1353	2923
1353	2924
1354	2924
1354	2925
1356	2925
1356	2926
1353	2926
1353	2927
1358	2927
1358	2928
1360	2928
1360	2929
1361	2929
1361	2930
1362	2930
1362	2932
1363	2932
1363	2931
1364	2931
1364	2932
1365	2932
1365	2933
1366	2933
1366	2934
1367	2934
1367	2935
1368	2935
1368	2937
1369	2937
1369	2936
1370	2936
1370	2937
1371	2937
1371	2938
1372	2938
1372	2940
1374	2940
1374	2941
1375	2941
1375	2942
1376	2942
1376	2943
1377	2943
1377	2944
1379	2944
