2201	2953
2200	2953
2200	2954
2201	2954
2201	2957
2202	2957
2202	2961
2203	2961
2203	2962
2202	2962
2202	2963
2203	2963
2203	2964
2205	2964
2205	2963
2206	2963
2206	2962
2207	2962
2207	2961
2209	2961
2209	2960
2210	2960
2210	2959
2211	2959
2211	2958
2212	2958
2212	2959
2213	2959
2213	2957
2214	2957
2214	2956
2215	2956
2215	2955
2216	2955
2216	2954
2218	2954
2218	2953
2219	2953
2219	2952
2220	2952
2220	2951
2222	2951
2222	2949
2224	2949
2224	2948
2225	2948
2225	2947
2226	2947
2226	2946
2227	2946
2227	2945
2228	2945
2228	2944
2229	2944
2229	2943
2232	2943
2232	2942
2231	2942
2231	2941
2233	2941
2233	2940
2234	2940
2234	2938
2236	2938
2236	2937
2237	2937
2237	2935
2238	2935
2238	2934
2239	2934
2239	2933
2240	2933
2240	2932
2241	2932
2241	2931
2242	2931
2242	2930
2243	2930
2243	2929
2244	2929
2244	2928
2245	2928
2245	2927
2246	2927
2246	2926
2247	2926
2247	2925
2248	2925
2248	2923
2249	2923
2249	2922
2250	2922
2250	2921
2251	2921
2251	2920
2252	2920
2252	2919
2253	2919
2253	2917
2254	2917
2254	2916
2255	2916
2255	2915
2256	2915
2256	2913
2257	2913
2257	2912
2258	2912
2258	2911
2260	2911
2260	2908
2261	2908
2261	2907
2263	2907
2263	2906
2262	2906
2262	2905
2263	2905
2263	2904
2264	2904
2264	2902
2265	2902
2265	2901
2266	2901
2266	2900
2267	2900
2267	2898
2268	2898
2268	2896
2270	2896
2270	2894
2271	2894
2271	2892
2272	2892
2272	2890
2273	2890
2273	2891
2274	2891
2274	2889
2273	2889
2273	2888
2274	2888
2274	2887
2275	2887
2275	2885
2276	2885
2276	2883
2277	2883
2277	2881
2279	2881
2279	2878
2280	2878
2280	2877
2281	2877
2281	2874
2283	2874
2283	2873
2282	2873
2282	2872
2283	2872
2283	2870
2284	2870
2284	2868
2285	2868
2285	2866
2287	2866
2287	2865
2286	2865
2286	2864
2287	2864
2287	2861
2288	2861
2288	2859
2289	2859
2289	2857
2290	2857
2290	2855
2291	2855
2291	2854
2292	2854
2292	2853
2291	2853
2291	2852
2293	2852
2293	2851
2292	2851
2292	2849
2293	2849
2293	2847
2295	2847
2295	2846
2294	2846
2294	2845
2295	2845
2295	2843
2296	2843
2296	2842
2295	2842
2295	2841
2296	2841
2296	2838
2298	2838
2298	2837
2297	2837
2297	2835
2298	2835
2298	2834
2299	2834
2299	2833
2298	2833
2298	2832
2299	2832
2299	2829
2300	2829
2300	2827
2301	2827
2301	2826
2300	2826
2300	2825
2301	2825
2301	2822
2302	2822
2302	2817
2303	2817
2303	2813
2304	2813
2304	2808
2305	2808
2305	2805
2306	2805
2306	2804
2305	2804
2305	2803
2306	2803
2306	2799
2307	2799
2307	2798
2306	2798
2306	2797
2307	2797
2307	2790
2308	2790
2308	2789
2309	2789
2309	2788
2308	2788
2308	2785
2309	2785
2309	2784
2308	2784
2308	2782
2309	2782
2309	2781
2308	2781
2308	2780
2309	2780
2309	2779
2310	2779
2310	2778
2309	2778
2309	2775
2310	2775
2310	2774
2309	2774
2309	2767
2310	2767
2310	2766
2309	2766
2309	2754
2310	2754
2310	2753
2309	2753
2309	2746
2310	2746
2310	2745
2309	2745
2309	2742
2310	2742
2310	2741
2309	2741
2309	2740
2308	2740
2308	2739
2309	2739
2309	2738
2308	2738
2308	2734
2309	2734
2309	2733
2308	2733
2308	2731
2309	2731
2309	2730
2307	2730
2307	2720
2309	2720
2309	2719
2308	2719
2308	2712
2309	2712
2309	2708
2311	2708
2311	2707
2310	2707
2310	2705
2311	2705
2311	2702
2312	2702
2312	2700
2313	2700
2313	2699
2314	2699
2314	2698
2315	2698
2315	2697
2314	2697
2314	2696
2315	2696
2315	2695
2317	2695
2317	2694
2318	2694
2318	2693
2319	2693
2319	2691
2321	2691
2321	2690
2323	2690
2323	2689
2329	2689
2329	2690
2330	2690
2330	2689
2331	2689
2331	2690
2333	2690
2333	2691
2335	2691
2335	2692
2337	2692
2337	2693
2338	2693
2338	2694
2339	2694
2339	2695
2340	2695
2340	2697
2341	2697
2341	2698
2342	2698
2342	2699
2343	2699
2343	2700
2344	2700
2344	2702
2345	2702
2345	2703
2346	2703
2346	2706
2347	2706
2347	2707
2348	2707
2348	2708
2349	2708
2349	2710
2350	2710
2350	2712
2351	2712
2351	2715
2352	2715
2352	2717
2353	2717
2353	2718
2354	2718
2354	2719
2353	2719
2353	2720
2354	2720
2354	2721
2355	2721
2355	2723
2356	2723
2356	2726
2357	2726
2357	2729
2358	2729
2358	2733
2359	2733
2359	2736
2360	2736
2360	2740
2361	2740
2361	2741
2360	2741
2360	2742
2361	2742
2361	2745
2362	2745
2362	2748
2361	2748
2361	2749
2362	2749
2362	2751
2363	2751
2363	2757
2362	2757
2362	2758
2363	2758
2363	2763
2364	2763
2364	2765
2363	2765
2363	2766
2364	2766
2364	2772
2363	2772
2363	2773
2364	2773
2364	2775
2363	2775
2363	2776
2364	2776
2364	2780
2363	2780
2363	2790
2362	2790
2362	2791
2363	2791
2363	2792
2362	2792
2362	2800
2361	2800
2361	2805
2360	2805
2360	2806
2361	2806
2361	2807
2360	2807
2360	2810
2359	2810
2359	2811
2360	2811
2360	2812
2359	2812
2359	2816
2358	2816
2358	2819
2357	2819
2357	2820
2358	2820
2358	2822
2357	2822
2357	2825
2356	2825
2356	2829
2355	2829
2355	2831
2354	2831
2354	2832
2355	2832
2355	2833
2354	2833
2354	2836
2353	2836
2353	2837
2354	2837
2354	2838
2353	2838
2353	2840
2352	2840
2352	2841
2353	2841
2353	2842
2352	2842
2352	2845
2351	2845
2351	2846
2350	2846
2350	2847
2351	2847
2351	2849
2350	2849
2350	2852
2349	2852
2349	2855
2348	2855
2348	2857
2347	2857
2347	2862
2346	2862
2346	2865
2345	2865
2345	2868
2344	2868
2344	2871
2343	2871
2343	2874
2342	2874
2342	2877
2341	2877
2341	2879
2340	2879
2340	2882
2339	2882
2339	2885
2338	2885
2338	2886
2337	2886
2337	2887
2338	2887
2338	2888
2337	2888
2337	2891
2336	2891
2336	2894
2334	2894
2334	2895
2335	2895
2335	2896
2334	2896
2334	2899
2333	2899
2333	2900
2332	2900
2332	2901
2333	2901
2333	2902
2332	2902
2332	2905
2331	2905
2331	2907
2330	2907
2330	2910
2328	2910
2328	2911
2329	2911
2329	2913
2328	2913
2328	2915
2327	2915
2327	2916
2326	2916
2326	2917
2327	2917
2327	2918
2326	2918
2326	2920
2325	2920
2325	2923
2324	2923
2324	2925
2323	2925
2323	2927
2322	2927
2322	2929
2321	2929
2321	2930
2320	2930
2320	2931
2321	2931
2321	2933
2320	2933
2320	2935
2319	2935
2319	2938
2318	2938
2318	2940
2317	2940
2317	2942
2316	2942
2316	2943
2315	2943
2315	2944
2316	2944
2316	2945
2315	2945
2315	2947
2314	2947
2314	2948
2313	2948
2313	2951
2312	2951
2312	2953
2311	2953
2311	2955
2310	2955
2310	2958
2309	2958
2309	2960
2308	2960
2308	2962
2307	2962
2307	2963
2306	2963
2306	2966
2305	2966
2305	2967
2304	2967
2304	2969
2303	2969
2303	2971
2302	2971
2302	2973
2300	2973
2300	2974
2301	2974
2301	2975
2300	2975
2300	2977
2299	2977
2299	2979
2298	2979
2298	2980
2297	2980
2297	2982
2296	2982
2296	2984
2294	2984
2294	2986
2293	2986
2293	2989
2292	2989
2292	2990
2291	2990
2291	2992
2290	2992
2290	2993
2289	2993
2289	2994
2288	2994
2288	2996
2287	2996
2287	2998
2286	2998
2286	2999
2285	2999
2285	3001
2284	3001
2284	3002
2283	3002
2283	3001
2282	3001
2282	3003
2283	3003
2283	3004
2282	3004
2282	3005
2280	3005
2280	3008
2279	3008
2279	3009
2278	3009
2278	3010
2276	3010
2276	3012
2275	3012
2275	3014
2273	3014
2273	3016
2272	3016
2272	3017
2271	3017
2271	3018
2270	3018
2270	3020
2269	3020
2269	3021
2268	3021
2268	3022
2267	3022
2267	3023
2266	3023
2266	3024
2265	3024
2265	3025
2264	3025
2264	3026
2263	3026
2263	3027
2262	3027
2262	3028
2260	3028
2260	3030
2258	3030
2258	3031
2257	3031
2257	3032
2256	3032
2256	3034
2255	3034
2255	3033
2254	3033
2254	3035
2253	3035
2253	3036
2252	3036
2252	3037
2251	3037
2251	3038
2250	3038
2250	3039
2248	3039
2248	3040
2247	3040
2247	3041
2246	3041
2246	3042
2244	3042
2244	3043
2243	3043
2243	3044
2242	3044
2242	3045
2241	3045
2241	3044
2240	3044
2240	3046
2239	3046
2239	3047
2237	3047
2237	3048
2236	3048
2236	3049
2234	3049
2234	3050
2232	3050
2232	3051
2231	3051
2231	3052
2229	3052
2229	3053
2228	3053
2228	3052
2227	3052
2227	3053
2226	3053
2226	3054
2225	3054
2225	3055
2224	3055
2224	3056
2222	3056
2222	3057
2220	3057
2220	3058
2218	3058
2218	3059
2217	3059
2217	3058
2215	3058
2215	3059
2216	3059
2216	3060
2215	3060
2215	3061
2213	3061
2213	3062
2212	3062
2212	3063
2210	3063
2210	3064
2209	3064
2209	3065
2208	3065
2208	3066
2206	3066
2206	3068
2205	3068
2205	3070
2204	3070
2204	3071
2203	3071
2203	3074
2202	3074
2202	3075
2204	3075
2204	3076
2205	3076
2205	3075
2206	3075
2206	3076
2212	3076
2212	3077
2215	3077
2215	3078
2216	3078
2216	3077
2217	3077
2217	3078
2218	3078
2218	3077
2220	3077
2220	3079
2221	3079
2221	3078
2235	3078
2235	3079
2236	3079
2236	3077
2238	3077
2238	3078
2239	3078
2239	3077
2244	3077
2244	3076
2250	3076
2250	3075
2251	3075
2251	3076
2252	3076
2252	3075
2254	3075
2254	3074
2257	3074
2257	3075
2258	3075
2258	3073
2261	3073
2261	3072
2263	3072
2263	3073
2264	3073
2264	3071
2267	3071
2267	3070
2270	3070
2270	3069
2272	3069
2272	3068
2275	3068
2275	3067
2277	3067
2277	3066
2278	3066
2278	3067
2279	3067
2279	3065
2281	3065
2281	3064
2283	3064
2283	3063
2286	3063
2286	3062
2287	3062
2287	3061
2289	3061
2289	3060
2291	3060
2291	3059
2292	3059
2292	3058
2295	3058
2295	3057
2296	3057
2296	3056
2297	3056
2297	3055
2298	3055
2298	3056
2299	3056
2299	3054
2300	3054
2300	3053
2302	3053
2302	3052
2303	3052
2303	3051
2305	3051
2305	3050
2306	3050
2306	3049
2307	3049
2307	3048
2310	3048
2310	3047
2311	3047
2311	3045
2314	3045
2314	3043
2315	3043
2315	3042
2316	3042
2316	3041
2317	3041
2317	3040
2319	3040
2319	3039
2320	3039
2320	3038
2321	3038
2321	3037
2323	3037
2323	3035
2325	3035
2325	3033
2327	3033
2327	3031
2328	3031
2328	3030
2329	3030
2329	3029
2330	3029
2330	3028
2331	3028
2331	3027
2332	3027
2332	3026
2333	3026
2333	3025
2334	3025
2334	3024
2335	3024
2335	3023
2336	3023
2336	3022
2337	3022
2337	3021
2338	3021
2338	3020
2339	3020
2339	3019
2340	3019
2340	3018
2341	3018
2341	3016
2342	3016
2342	3015
2343	3015
2343	3014
2344	3014
2344	3013
2345	3013
2345	3012
2346	3012
2346	3011
2347	3011
2347	3010
2348	3010
2348	3009
2349	3009
2349	3008
2350	3008
2350	3007
2351	3007
2351	3005
2352	3005
2352	3004
2353	3004
2353	3002
2354	3002
2354	3001
2355	3001
2355	3000
2356	3000
2356	2999
2357	2999
2357	2997
2358	2997
2358	2996
2359	2996
2359	2995
2360	2995
2360	2994
2361	2994
2361	2992
2362	2992
2362	2991
2363	2991
2363	2990
2364	2990
2364	2988
2365	2988
2365	2987
2366	2987
2366	2986
2367	2986
2367	2985
2368	2985
2368	2983
2369	2983
2369	2982
2370	2982
2370	2981
2372	2981
2372	2980
2371	2980
2371	2979
2372	2979
2372	2978
2373	2978
2373	2977
2374	2977
2374	2975
2375	2975
2375	2974
2376	2974
2376	2973
2377	2973
2377	2971
2378	2971
2378	2970
2379	2970
2379	2969
2380	2969
2380	2968
2381	2968
2381	2966
2382	2966
2382	2965
2383	2965
2383	2964
2384	2964
2384	2962
2385	2962
2385	2961
2386	2961
2386	2960
2388	2960
2388	2959
2387	2959
2387	2958
2389	2958
2389	2956
2390	2956
2390	2955
2391	2955
2391	2953
2392	2953
2392	2952
2393	2952
2393	2951
2394	2951
2394	2949
2396	2949
2396	2948
2397	2948
2397	2946
2398	2946
2398	2945
2399	2945
2399	2943
2400	2943
2400	2942
2401	2942
2401	2941
2402	2941
2402	2940
2403	2940
2403	2939
2404	2939
2404	2937
2406	2937
2406	2935
2407	2935
2407	2934
2408	2934
2408	2933
2410	2933
2410	2932
2411	2932
2411	2931
2412	2931
2412	2930
2414	2930
2414	2929
2415	2929
2415	2928
2418	2928
2418	2927
2419	2927
2419	2926
2423	2926
2423	2925
2425	2925
2425	2926
2426	2926
2426	2925
2429	2925
2429	2926
2430	2926
2430	2925
2432	2925
2432	2926
2434	2926
2434	2927
2437	2927
2437	2928
2439	2928
2439	2929
2441	2929
2441	2931
2442	2931
2442	2932
2444	2932
2444	2933
2445	2933
2445	2934
2446	2934
2446	2935
2447	2935
2447	2936
2448	2936
2448	2937
2449	2937
2449	2939
2450	2939
2450	2941
2451	2941
2451	2943
2452	2943
2452	2945
2453	2945
2453	2948
2454	2948
2454	2952
2455	2952
2455	2954
2454	2954
2454	2955
2455	2955
2455	2959
2454	2959
2454	2960
2455	2960
2455	2964
2454	2964
2454	2969
2453	2969
2453	2972
2452	2972
2452	2975
2451	2975
2451	2976
2450	2976
2450	2977
2451	2977
2451	2978
2449	2978
2449	2979
2450	2979
2450	2980
2449	2980
2449	2982
2448	2982
2448	2984
2447	2984
2447	2985
2446	2985
2446	2988
2445	2988
2445	2989
2444	2989
2444	2991
2443	2991
2443	2993
2442	2993
2442	2994
2441	2994
2441	2996
2440	2996
2440	2997
2439	2997
2439	2999
2438	2999
2438	3000
2436	3000
2436	3001
2437	3001
2437	3002
2435	3002
2435	3005
2434	3005
2434	3006
2433	3006
2433	3008
2432	3008
2432	3009
2431	3009
2431	3010
2430	3010
2430	3011
2429	3011
2429	3014
2428	3014
2428	3015
2427	3015
2427	3016
2426	3016
2426	3018
2425	3018
2425	3019
2424	3019
2424	3021
2423	3021
2423	3022
2422	3022
2422	3024
2421	3024
2421	3025
2420	3025
2420	3026
2418	3026
2418	3027
2419	3027
2419	3028
2418	3028
2418	3030
2417	3030
2417	3031
2416	3031
2416	3033
2414	3033
2414	3034
2413	3034
2413	3035
2414	3035
2414	3036
2413	3036
2413	3037
2412	3037
2412	3038
2411	3038
2411	3040
2410	3040
2410	3041
2409	3041
2409	3043
2408	3043
2408	3044
2407	3044
2407	3046
2406	3046
2406	3047
2405	3047
2405	3049
2404	3049
2404	3050
2403	3050
2403	3052
2402	3052
2402	3053
2400	3053
2400	3054
2401	3054
2401	3055
2400	3055
2400	3056
2399	3056
2399	3057
2398	3057
2398	3059
2396	3059
2396	3062
2395	3062
2395	3063
2394	3063
2394	3065
2393	3065
2393	3066
2392	3066
2392	3068
2391	3068
2391	3069
2390	3069
2390	3071
2389	3071
2389	3072
2388	3072
2388	3074
2386	3074
2386	3075
2385	3075
2385	3076
2386	3076
2386	3077
2385	3077
2385	3078
2384	3078
2384	3080
2382	3080
2382	3081
2381	3081
2381	3084
2380	3084
2380	3085
2379	3085
2379	3087
2378	3087
2378	3088
2377	3088
2377	3087
2376	3087
2376	3089
2377	3089
2377	3090
2375	3090
2375	3093
2374	3093
2374	3094
2373	3094
2373	3096
2372	3096
2372	3097
2371	3097
2371	3098
2370	3098
2370	3100
2369	3100
2369	3101
2368	3101
2368	3102
2367	3102
2367	3104
2366	3104
2366	3105
2365	3105
2365	3107
2363	3107
2363	3109
2361	3109
2361	3110
2360	3110
2360	3111
2361	3111
2361	3112
2360	3112
2360	3113
2359	3113
2359	3114
2358	3114
2358	3116
2356	3116
2356	3117
2355	3117
2355	3119
2354	3119
2354	3120
2353	3120
2353	3122
2352	3122
2352	3123
2351	3123
2351	3124
2350	3124
2350	3125
2349	3125
2349	3126
2348	3126
2348	3127
2347	3127
2347	3129
2346	3129
2346	3130
2344	3130
2344	3132
2343	3132
2343	3133
2342	3133
2342	3134
2341	3134
2341	3135
2340	3135
2340	3136
2339	3136
2339	3137
2338	3137
2338	3138
2337	3138
2337	3139
2336	3139
2336	3140
2335	3140
2335	3141
2334	3141
2334	3142
2333	3142
2333	3143
2331	3143
2331	3145
2329	3145
2329	3146
2328	3146
2328	3147
2327	3147
2327	3148
2326	3148
2326	3149
2325	3149
2325	3150
2324	3150
2324	3151
2323	3151
2323	3150
2322	3150
2322	3152
2321	3152
2321	3153
2320	3153
2320	3154
2318	3154
2318	3155
2316	3155
2316	3157
2314	3157
2314	3158
2313	3158
2313	3159
2311	3159
2311	3160
2309	3160
2309	3161
2308	3161
2308	3162
2307	3162
2307	3161
2306	3161
2306	3163
2304	3163
2304	3164
2302	3164
2302	3163
2301	3163
2301	3165
2300	3165
2300	3166
2298	3166
2298	3167
2296	3167
2296	3168
2293	3168
2293	3169
2292	3169
2292	3168
2291	3168
2291	3169
2289	3169
2289	3170
2287	3170
2287	3171
2284	3171
2284	3172
2279	3172
2279	3173
2277	3173
2277	3172
2276	3172
2276	3173
2273	3173
2273	3172
2272	3172
2272	3174
2266	3174
2266	3173
2265	3173
2265	3174
2253	3174
2253	3173
2250	3173
2250	3172
2249	3172
2249	3173
2239	3173
2239	3172
2238	3172
2238	3173
2234	3173
2234	3172
2233	3172
2233	3171
2232	3171
2232	3172
2228	3172
2228	3170
2226	3170
2226	3171
2227	3171
2227	3172
2224	3172
2224	3171
2223	3171
2223	3172
2217	3172
2217	3171
2210	3171
2210	3170
2209	3170
2209	3171
2207	3171
2207	3170
2206	3170
2206	3171
2205	3171
2205	3170
2198	3170
2198	3169
2197	3169
2197	3170
2196	3170
2196	3169
2191	3169
2191	3168
2190	3168
2190	3169
2187	3169
2187	3168
2181	3168
2181	3167
2178	3167
2178	3166
2177	3166
2177	3167
2175	3167
2175	3166
2172	3166
2172	3165
2167	3165
2167	3164
2163	3164
2163	3163
2160	3163
2160	3161
2159	3161
2159	3162
2157	3162
2157	3161
2155	3161
2155	3160
2152	3160
2152	3159
2149	3159
2149	3158
2147	3158
2147	3157
2145	3157
2145	3156
2143	3156
2143	3155
2141	3155
2141	3154
2140	3154
2140	3153
2138	3153
2138	3152
2137	3152
2137	3151
2136	3151
2136	3150
2135	3150
2135	3149
2134	3149
2134	3148
2132	3148
2132	3147
2131	3147
2131	3145
2129	3145
2129	3144
2128	3144
2128	3143
2127	3143
2127	3142
2126	3142
2126	3141
2125	3141
2125	3140
2124	3140
2124	3139
2123	3139
2123	3138
2122	3138
2122	3137
2121	3137
2121	3136
2120	3136
2120	3135
2119	3135
2119	3134
2118	3134
2118	3132
2116	3132
2116	3130
2114	3130
2114	3129
2113	3129
2113	3128
2112	3128
2112	3127
2111	3127
2111	3126
2110	3126
2110	3125
2109	3125
2109	3124
2108	3124
2108	3122
2107	3122
2107	3121
2106	3121
2106	3122
2105	3122
2105	3120
2103	3120
2103	3119
2101	3119
2101	3118
2100	3118
2100	3117
2098	3117
2098	3116
2096	3116
2096	3115
2095	3115
2095	3114
2093	3114
2093	3113
2091	3113
2091	3112
2089	3112
2089	3111
2087	3111
2087	3110
2085	3110
2085	3109
2083	3109
2083	3108
2081	3108
2081	3107
2079	3107
2079	3105
2078	3105
2078	3106
2076	3106
2076	3105
2074	3105
2074	3104
2072	3104
2072	3103
2070	3103
2070	3102
2068	3102
2068	3101
2065	3101
2065	3100
2063	3100
2063	3099
2061	3099
2061	3097
2060	3097
2060	3098
2059	3098
2059	3097
2057	3097
2057	3096
2055	3096
2055	3094
2054	3094
2054	3095
2053	3095
2053	3094
2052	3094
2052	3093
2050	3093
2050	3092
2048	3092
2048	3091
2046	3091
2046	3090
2045	3090
2045	3089
2043	3089
2043	3088
2042	3088
2042	3087
2040	3087
2040	3086
2039	3086
2039	3085
2038	3085
2038	3084
2036	3084
2036	3083
2035	3083
2035	3082
2034	3082
2034	3081
2032	3081
2032	3080
2031	3080
2031	3079
2030	3079
2030	3078
2029	3078
2029	3077
2027	3077
2027	3076
2026	3076
2026	3075
2025	3075
2025	3074
2024	3074
2024	3073
2022	3073
2022	3072
2021	3072
2021	3071
2020	3071
2020	3070
2019	3070
2019	3069
2018	3069
2018	3068
2017	3068
2017	3067
2016	3067
2016	3066
2015	3066
2015	3065
2013	3065
2013	3063
2012	3063
2012	3062
2010	3062
2010	3060
2009	3060
2009	3059
2007	3059
2007	3058
2006	3058
2006	3057
2005	3057
2005	3055
2004	3055
2004	3054
2002	3054
2002	3052
2001	3052
2001	3051
2000	3051
2000	3050
1999	3050
1999	3049
1998	3049
1998	3048
1997	3048
1997	3047
1996	3047
1996	3046
1995	3046
1995	3045
1994	3045
1994	3044
1993	3044
1993	3043
1992	3043
1992	3041
1991	3041
1991	3040
1990	3040
1990	3039
1989	3039
1989	3038
1988	3038
1988	3037
1987	3037
1987	3035
1986	3035
1986	3034
1985	3034
1985	3033
1984	3033
1984	3031
1983	3031
1983	3030
1982	3030
1982	3029
1981	3029
1981	3027
1980	3027
1980	3026
1979	3026
1979	3025
1978	3025
1978	3023
1977	3023
1977	3022
1976	3022
1976	3021
1975	3021
1975	3019
1974	3019
1974	3018
1973	3018
1973	3017
1974	3017
1974	3016
1972	3016
1972	3015
1971	3015
1971	3013
1970	3013
1970	3010
1968	3010
1968	3009
1969	3009
1969	3008
1967	3008
1967	3007
1966	3007
1966	3004
1964	3004
1964	3002
1963	3002
1963	3000
1962	3000
1962	2997
1960	2997
1960	2995
1959	2995
1959	2994
1960	2994
1960	2993
1958	2993
1958	2991
1957	2991
1957	2989
1956	2989
1956	2987
1955	2987
1955	2986
1954	2986
1954	2984
1953	2984
1953	2981
1952	2981
1952	2979
1951	2979
1951	2978
1952	2978
1952	2977
1950	2977
1950	2974
1949	2974
1949	2973
1948	2973
1948	2970
1947	2970
1947	2969
1946	2969
1946	2966
1945	2966
1945	2964
1944	2964
1944	2961
1943	2961
1943	2959
1942	2959
1942	2956
1941	2956
1941	2954
1940	2954
1940	2951
1939	2951
1939	2948
1938	2948
1938	2946
1937	2946
1937	2943
1936	2943
1936	2940
1935	2940
1935	2936
1934	2936
1934	2934
1935	2934
1935	2933
1933	2933
1933	2930
1932	2930
1932	2926
1931	2926
1931	2925
1932	2925
1932	2924
1931	2924
1931	2922
1930	2922
1930	2921
1931	2921
1931	2920
1930	2920
1930	2919
1929	2919
1929	2915
1930	2915
1930	2914
1928	2914
1928	2910
1927	2910
1927	2905
1926	2905
1926	2900
1925	2900
1925	2895
1926	2895
1926	2894
1925	2894
1925	2893
1924	2893
1924	2888
1923	2888
1923	2881
1922	2881
1922	2871
1921	2871
1921	2870
1922	2870
1922	2869
1921	2869
1921	2863
1922	2863
1922	2862
1921	2862
1921	2860
1922	2860
1922	2858
1921	2858
1921	2855
1920	2855
1920	2838
1923	2838
1923	2839
1924	2839
1924	2838
1926	2838
1926	2837
1927	2837
1927	2838
1932	2838
1932	2839
1933	2839
1933	2838
1936	2838
1936	2839
1938	2839
1938	2841
1939	2841
1939	2840
1942	2840
1942	2841
1943	2841
1943	2842
1945	2842
1945	2843
1948	2843
1948	2844
1949	2844
1949	2846
1950	2846
1950	2845
1951	2845
1951	2846
1952	2846
1952	2847
1953	2847
1953	2848
1954	2848
1954	2849
1956	2849
1956	2850
1957	2850
1957	2851
1958	2851
1958	2852
1959	2852
1959	2854
1961	2854
1961	2856
1962	2856
1962	2857
1963	2857
1963	2858
1964	2858
1964	2859
1965	2859
1965	2860
1966	2860
1966	2861
1964	2861
1964	2862
1965	2862
1965	2863
1966	2863
1966	2862
1967	2862
1967	2863
1968	2863
1968	2864
1969	2864
1969	2866
1970	2866
1970	2867
1971	2867
1971	2868
1970	2868
1970	2869
1972	2869
1972	2871
1973	2871
1973	2872
1974	2872
1974	2873
1975	2873
1975	2875
1976	2875
1976	2877
1977	2877
1977	2879
1978	2879
1978	2880
1979	2880
1979	2881
1978	2881
1978	2882
1980	2882
1980	2883
1979	2883
1979	2884
1981	2884
1981	2886
1982	2886
1982	2888
1983	2888
1983	2891
1984	2891
1984	2892
1985	2892
1985	2894
1986	2894
1986	2896
1987	2896
1987	2898
1988	2898
1988	2900
1989	2900
1989	2901
1988	2901
1988	2902
1989	2902
1989	2903
1990	2903
1990	2904
1991	2904
1991	2905
1990	2905
1990	2906
1991	2906
1991	2907
1992	2907
1992	2908
1993	2908
1993	2910
1994	2910
1994	2911
1995	2911
1995	2913
1996	2913
1996	2915
1997	2915
1997	2917
1998	2917
1998	2919
1999	2919
1999	2921
2000	2921
2000	2924
2001	2924
2001	2925
2002	2925
2002	2926
2003	2926
2003	2928
2004	2928
2004	2931
2005	2931
2005	2932
2006	2932
2006	2933
2007	2933
2007	2935
2008	2935
2008	2937
2009	2937
2009	2938
2008	2938
2008	2939
2010	2939
2010	2940
2011	2940
2011	2942
2012	2942
2012	2945
2013	2945
2013	2946
2014	2946
2014	2947
2015	2947
2015	2949
2016	2949
2016	2951
2017	2951
2017	2952
2018	2952
2018	2954
2019	2954
2019	2956
2018	2956
2018	2957
2021	2957
2021	2958
2020	2958
2020	2959
2022	2959
2022	2961
2023	2961
2023	2962
2024	2962
2024	2964
2025	2964
2025	2966
2026	2966
2026	2967
2027	2967
2027	2969
2028	2969
2028	2971
2029	2971
2029	2973
2031	2973
2031	2974
2030	2974
2030	2975
2032	2975
2032	2976
2033	2976
2033	2978
2034	2978
2034	2979
2035	2979
2035	2981
2036	2981
2036	2983
2037	2983
2037	2984
2038	2984
2038	2985
2037	2985
2037	2986
2039	2986
2039	2987
2040	2987
2040	2989
2041	2989
2041	2991
2042	2991
2042	2993
2044	2993
2044	2994
2045	2994
2045	2996
2046	2996
2046	2997
2047	2997
2047	2999
2048	2999
2048	3000
2049	3000
2049	3002
2050	3002
2050	3003
2051	3003
2051	3005
2052	3005
2052	3006
2053	3006
2053	3007
2054	3007
2054	3009
2055	3009
2055	3011
2056	3011
2056	3012
2057	3012
2057	3013
2058	3013
2058	3014
2059	3014
2059	3015
2058	3015
2058	3017
2059	3017
2059	3016
2060	3016
2060	3017
2061	3017
2061	3018
2062	3018
2062	3020
2063	3020
2063	3021
2064	3021
2064	3022
2065	3022
2065	3024
2066	3024
2066	3025
2067	3025
2067	3026
2068	3026
2068	3028
2069	3028
2069	3029
2068	3029
2068	3030
2071	3030
2071	3032
2072	3032
2072	3033
2073	3033
2073	3035
2074	3035
2074	3036
2075	3036
2075	3037
2076	3037
2076	3038
2077	3038
2077	3040
2078	3040
2078	3041
2079	3041
2079	3042
2080	3042
2080	3043
2081	3043
2081	3045
2082	3045
2082	3046
2083	3046
2083	3047
2084	3047
2084	3049
2085	3049
2085	3050
2086	3050
2086	3051
2087	3051
2087	3052
2088	3052
2088	3054
2089	3054
2089	3055
2090	3055
2090	3056
2091	3056
2091	3057
2092	3057
2092	3058
2093	3058
2093	3059
2094	3059
2094	3060
2095	3060
2095	3062
2096	3062
2096	3063
2097	3063
2097	3064
2098	3064
2098	3065
2099	3065
2099	3066
2100	3066
2100	3069
2102	3069
2102	3070
2103	3070
2103	3071
2104	3071
2104	3072
2105	3072
2105	3074
2108	3074
2108	3073
2109	3073
2109	3071
2110	3071
2110	3070
2111	3070
2111	3068
2112	3068
2112	3066
2113	3066
2113	3062
2114	3062
2114	3060
2115	3060
2115	3058
2114	3058
2114	3053
2115	3053
2115	3052
2114	3052
2114	3050
2115	3050
2115	3049
2114	3049
2114	3048
2115	3048
2115	3047
2114	3047
2114	3046
2113	3046
2113	3042
2112	3042
2112	3037
2111	3037
2111	3036
2112	3036
2112	3035
2110	3035
2110	3033
2109	3033
2109	3031
2108	3031
2108	3028
2107	3028
2107	3026
2106	3026
2106	3024
2105	3024
2105	3023
2106	3023
2106	3022
2105	3022
2105	3021
2103	3021
2103	3019
2102	3019
2102	3017
2101	3017
2101	3016
2100	3016
2100	3014
2099	3014
2099	3012
2098	3012
2098	3011
2097	3011
2097	3010
2096	3010
2096	3008
2095	3008
2095	3007
2094	3007
2094	3005
2093	3005
2093	3004
2092	3004
2092	3003
2091	3003
2091	3001
2090	3001
2090	3000
2089	3000
2089	2999
2088	2999
2088	2998
2087	2998
2087	2995
2085	2995
2085	2994
2084	2994
2084	2992
2083	2992
2083	2991
2082	2991
2082	2990
2081	2990
2081	2989
2082	2989
2082	2988
2080	2988
2080	2986
2078	2986
2078	2983
2077	2983
2077	2982
2075	2982
2075	2981
2074	2981
2074	2979
2073	2979
2073	2978
2072	2978
2072	2976
2071	2976
2071	2975
2070	2975
2070	2973
2069	2973
2069	2972
2068	2972
2068	2971
2067	2971
2067	2969
2066	2969
2066	2968
2065	2968
2065	2967
2064	2967
2064	2966
2063	2966
2063	2964
2062	2964
2062	2963
2061	2963
2061	2960
2060	2960
2060	2959
2058	2959
2058	2958
2060	2958
2060	2957
2057	2957
2057	2956
2056	2956
2056	2954
2055	2954
2055	2953
2054	2953
2054	2952
2053	2952
2053	2950
2052	2950
2052	2949
2051	2949
2051	2947
2050	2947
2050	2946
2049	2946
2049	2944
2048	2944
2048	2943
2047	2943
2047	2940
2045	2940
2045	2938
2044	2938
2044	2937
2043	2937
2043	2936
2042	2936
2042	2934
2041	2934
2041	2932
2040	2932
2040	2931
2039	2931
2039	2930
2038	2930
2038	2928
2037	2928
2037	2927
2036	2927
2036	2924
2034	2924
2034	2922
2033	2922
2033	2920
2032	2920
2032	2919
2031	2919
2031	2917
2030	2917
2030	2916
2029	2916
2029	2914
2028	2914
2028	2913
2027	2913
2027	2911
2026	2911
2026	2910
2025	2910
2025	2908
2024	2908
2024	2907
2025	2907
2025	2906
2023	2906
2023	2905
2022	2905
2022	2903
2021	2903
2021	2901
2020	2901
2020	2899
2019	2899
2019	2898
2020	2898
2020	2897
2017	2897
2017	2895
2016	2895
2016	2894
2015	2894
2015	2892
2014	2892
2014	2890
2013	2890
2013	2889
2012	2889
2012	2887
2011	2887
2011	2886
2012	2886
2012	2885
2010	2885
2010	2883
2009	2883
2009	2882
2008	2882
2008	2880
2007	2880
2007	2879
2006	2879
2006	2877
2005	2877
2005	2875
2004	2875
2004	2872
2002	2872
2002	2870
2001	2870
2001	2869
2002	2869
2002	2868
2000	2868
2000	2867
1999	2867
1999	2865
1998	2865
1998	2863
1997	2863
1997	2860
1995	2860
1995	2858
1994	2858
1994	2856
1993	2856
1993	2853
1992	2853
1992	2852
1991	2852
1991	2851
1990	2851
1990	2847
1988	2847
1988	2846
1989	2846
1989	2845
1987	2845
1987	2844
1988	2844
1988	2843
1986	2843
1986	2842
1987	2842
1987	2841
1985	2841
1985	2840
1984	2840
1984	2838
1983	2838
1983	2836
1982	2836
1982	2831
1981	2831
1981	2832
1980	2832
1980	2830
1979	2830
1979	2828
1978	2828
1978	2827
1979	2827
1979	2826
1977	2826
1977	2824
1976	2824
1976	2823
1975	2823
1975	2821
1974	2821
1974	2820
1975	2820
1975	2819
1973	2819
1973	2817
1972	2817
1972	2814
1971	2814
1971	2813
1970	2813
1970	2811
1969	2811
1969	2809
1968	2809
1968	2807
1967	2807
1967	2805
1966	2805
1966	2803
1965	2803
1965	2801
1964	2801
1964	2799
1965	2799
1965	2798
1963	2798
1963	2797
1962	2797
1962	2794
1961	2794
1961	2792
1960	2792
1960	2790
1959	2790
1959	2788
1958	2788
1958	2786
1957	2786
1957	2784
1956	2784
1956	2781
1955	2781
1955	2779
1954	2779
1954	2776
1953	2776
1953	2773
1952	2773
1952	2770
1951	2770
1951	2767
1950	2767
1950	2765
1951	2765
1951	2764
1950	2764
1950	2762
1949	2762
1949	2761
1950	2761
1950	2760
1949	2760
1949	2759
1948	2759
1948	2754
1947	2754
1947	2749
1948	2749
1948	2748
1947	2748
1947	2740
1948	2740
1948	2739
1947	2739
1947	2734
1948	2734
1948	2732
1949	2732
1949	2731
1948	2731
1948	2730
1949	2730
1949	2727
1951	2727
1951	2726
1950	2726
1950	2725
1951	2725
1951	2723
1952	2723
1952	2721
1953	2721
1953	2719
1955	2719
1955	2717
1956	2717
1956	2716
1957	2716
1957	2715
1958	2715
1958	2714
1959	2714
1959	2713
1960	2713
1960	2712
1961	2712
1961	2711
1963	2711
1963	2710
1964	2710
1964	2709
1966	2709
1966	2708
1968	2708
1968	2707
1972	2707
1972	2706
1973	2706
1973	2707
1974	2707
1974	2706
1975	2706
1975	2705
1984	2705
1984	2706
1985	2706
1985	2705
1988	2705
1988	2706
1990	2706
1990	2707
1991	2707
1991	2706
1993	2706
1993	2707
1997	2707
1997	2708
1999	2708
1999	2709
2002	2709
2002	2710
2004	2710
2004	2711
2006	2711
2006	2712
2008	2712
2008	2713
2009	2713
2009	2714
2011	2714
2011	2715
2012	2715
2012	2716
2013	2716
2013	2717
2014	2717
2014	2718
2015	2718
2015	2719
2017	2719
2017	2720
2018	2720
2018	2721
2019	2721
2019	2722
2020	2722
2020	2723
2021	2723
2021	2726
2023	2726
2023	2727
2024	2727
2024	2728
2025	2728
2025	2730
2026	2730
2026	2731
2025	2731
2025	2732
2027	2732
2027	2733
2028	2733
2028	2734
2029	2734
2029	2736
2030	2736
2030	2739
2031	2739
2031	2740
2032	2740
2032	2741
2031	2741
2031	2742
2033	2742
2033	2744
2034	2744
2034	2747
2035	2747
2035	2748
2034	2748
2034	2749
2035	2749
2035	2750
2036	2750
2036	2753
2037	2753
2037	2754
2038	2754
2038	2757
2039	2757
2039	2760
2040	2760
2040	2763
2041	2763
2041	2765
2040	2765
2040	2766
2042	2766
2042	2769
2043	2769
2043	2773
2044	2773
2044	2776
2045	2776
2045	2779
2044	2779
2044	2780
2046	2780
2046	2783
2047	2783
2047	2787
2048	2787
2048	2790
2049	2790
2049	2793
2050	2793
2050	2796
2051	2796
2051	2799
2052	2799
2052	2804
2053	2804
2053	2806
2054	2806
2054	2809
2055	2809
2055	2810
2054	2810
2054	2811
2055	2811
2055	2812
2056	2812
2056	2814
2057	2814
2057	2817
2058	2817
2058	2820
2059	2820
2059	2822
2058	2822
2058	2823
2060	2823
2060	2826
2061	2826
2061	2828
2062	2828
2062	2831
2063	2831
2063	2834
2064	2834
2064	2836
2065	2836
2065	2839
2066	2839
2066	2841
2067	2841
2067	2844
2068	2844
2068	2846
2069	2846
2069	2848
2068	2848
2068	2849
2070	2849
2070	2851
2071	2851
2071	2854
2072	2854
2072	2856
2073	2856
2073	2858
2074	2858
2074	2861
2075	2861
2075	2862
2074	2862
2074	2863
2076	2863
2076	2865
2077	2865
2077	2868
2078	2868
2078	2870
2079	2870
2079	2872
2080	2872
2080	2874
2081	2874
2081	2876
2082	2876
2082	2878
2083	2878
2083	2880
2084	2880
2084	2882
2085	2882
2085	2883
2084	2883
2084	2884
2085	2884
2085	2885
2086	2885
2086	2886
2085	2886
2085	2887
2086	2887
2086	2888
2087	2888
2087	2889
2088	2889
2088	2891
2089	2891
2089	2893
2090	2893
2090	2895
2091	2895
2091	2896
2089	2896
2089	2897
2092	2897
2092	2899
2093	2899
2093	2901
2094	2901
2094	2902
2095	2902
2095	2904
2096	2904
2096	2906
2097	2906
2097	2908
2098	2908
2098	2910
2099	2910
2099	2911
2098	2911
2098	2912
2100	2912
2100	2914
2101	2914
2101	2916
2102	2916
2102	2917
2103	2917
2103	2918
2102	2918
2102	2919
2104	2919
2104	2921
2105	2921
2105	2923
2106	2923
2106	2924
2107	2924
2107	2926
2108	2926
2108	2928
2109	2928
2109	2931
2110	2931
2110	2932
2111	2932
2111	2934
2112	2934
2112	2935
2113	2935
2113	2936
2114	2936
2114	2937
2113	2937
2113	2938
2115	2938
2115	2939
2114	2939
2114	2940
2116	2940
2116	2941
2117	2941
2117	2943
2118	2943
2118	2945
2119	2945
2119	2946
2120	2946
2120	2948
2121	2948
2121	2949
2122	2949
2122	2951
2123	2951
2123	2954
2125	2954
2125	2956
2126	2956
2126	2958
2127	2958
2127	2959
2128	2959
2128	2960
2129	2960
2129	2963
2130	2963
2130	2962
2132	2962
2132	2961
2131	2961
2131	2959
2133	2959
2133	2958
2132	2958
2132	2955
2133	2955
2133	2952
2134	2952
2134	2951
2135	2951
2135	2950
2134	2950
2134	2948
2135	2948
2135	2943
2136	2943
2136	2939
2138	2939
2138	2938
2137	2938
2137	2933
2139	2933
2139	2932
2138	2932
2138	2931
2139	2931
2139	2930
2138	2930
2138	2927
2139	2927
2139	2926
2140	2926
2140	2925
2139	2925
2139	2923
2140	2923
2140	2922
2139	2922
2139	2921
2140	2921
2140	2918
2141	2918
2141	2917
2140	2917
2140	2912
2141	2912
2141	2911
2142	2911
2142	2910
2141	2910
2141	2903
2142	2903
2142	2902
2141	2902
2141	2901
2142	2901
2142	2900
2141	2900
2141	2899
2142	2899
2142	2897
2143	2897
2143	2896
2142	2896
2142	2894
2143	2894
2143	2893
2142	2893
2142	2892
2143	2892
2143	2891
2142	2891
2142	2887
2143	2887
2143	2886
2142	2886
2142	2882
2143	2882
2143	2881
2142	2881
2142	2866
2143	2866
2143	2865
2142	2865
2142	2862
2143	2862
2143	2861
2142	2861
2142	2859
2143	2859
2143	2858
2142	2858
2142	2853
2141	2853
2141	2850
2143	2850
2143	2849
2141	2849
2141	2843
2142	2843
2142	2842
2141	2842
2141	2839
2142	2839
2142	2838
2140	2838
2140	2834
2141	2834
2141	2833
2140	2833
2140	2826
2139	2826
2139	2825
2140	2825
2140	2824
2139	2824
2139	2818
2140	2818
2140	2817
2139	2817
2139	2816
2138	2816
2138	2809
2139	2809
2139	2807
2138	2807
2138	2806
2137	2806
2137	2798
2136	2798
2136	2797
2137	2797
2137	2796
2136	2796
2136	2793
2137	2793
2137	2792
2136	2792
2136	2790
2135	2790
2135	2782
2134	2782
2134	2780
2135	2780
2135	2779
2134	2779
2134	2775
2133	2775
2133	2773
2134	2773
2134	2772
2133	2772
2133	2766
2132	2766
2132	2759
2131	2759
2131	2751
2130	2751
2130	2747
2131	2747
2131	2746
2130	2746
2130	2745
2131	2745
2131	2744
2130	2744
2130	2743
2129	2743
2129	2738
2130	2738
2130	2737
2129	2737
2129	2735
2128	2735
2128	2726
2127	2726
2127	2721
2128	2721
2128	2719
2127	2719
2127	2718
2128	2718
2128	2716
2127	2716
2127	2717
2126	2717
2126	2716
2127	2716
2127	2715
2126	2715
2126	2707
2125	2707
2125	2704
2126	2704
2126	2703
2125	2703
2125	2697
2126	2697
2126	2696
2125	2696
2125	2695
2124	2695
2124	2687
2125	2687
2125	2686
2124	2686
2124	2682
2125	2682
2125	2681
2124	2681
2124	2678
2123	2678
2123	2677
2124	2677
2124	2676
2123	2676
2123	2675
2124	2675
2124	2674
2123	2674
2123	2669
2124	2669
2124	2668
2123	2668
2123	2667
2124	2667
2124	2666
2123	2666
2123	2640
2124	2640
2124	2638
2125	2638
2125	2637
2124	2637
2124	2636
2126	2636
2126	2635
2124	2635
2124	2631
2125	2631
2125	2630
2126	2630
2126	2629
2125	2629
2125	2626
2126	2626
2126	2622
2127	2622
2127	2619
2128	2619
2128	2617
2129	2617
2129	2614
2130	2614
2130	2613
2131	2613
2131	2611
2132	2611
2132	2609
2133	2609
2133	2608
2134	2608
2134	2607
2135	2607
2135	2606
2136	2606
2136	2605
2137	2605
2137	2604
2139	2604
2139	2602
2140	2602
2140	2601
2142	2601
2142	2600
2143	2600
2143	2599
2145	2599
2145	2598
2147	2598
2147	2597
2148	2597
2148	2598
2149	2598
2149	2597
2150	2597
2150	2596
2152	2596
2152	2597
2153	2597
2153	2596
2154	2596
2154	2597
2155	2597
2155	2595
2159	2595
2159	2596
2165	2596
2165	2597
2167	2597
2167	2598
2168	2598
2168	2599
2169	2599
2169	2605
2168	2605
2168	2703
2169	2703
2169	2715
2168	2715
2168	2716
2169	2716
2169	2727
2170	2727
2170	2730
2169	2730
2169	2731
2170	2731
2170	2734
2169	2734
2169	2735
2170	2735
2170	2737
2169	2737
2169	2738
2170	2738
2170	2743
2171	2743
2171	2744
2170	2744
2170	2745
2171	2745
2171	2746
2170	2746
2170	2747
2171	2747
2171	2748
2170	2748
2170	2749
2171	2749
2171	2750
2170	2750
2170	2751
2171	2751
2171	2756
2170	2756
2170	2757
2172	2757
2172	2768
2171	2768
2171	2769
2172	2769
2172	2770
2173	2770
2173	2782
2174	2782
2174	2784
2173	2784
2173	2785
2174	2785
2174	2787
2173	2787
2173	2788
2174	2788
2174	2789
2173	2789
2173	2790
2174	2790
2174	2791
2175	2791
2175	2796
2174	2796
2174	2797
2175	2797
2175	2801
2176	2801
2176	2803
2175	2803
2175	2804
2176	2804
2176	2810
2177	2810
2177	2818
2178	2818
2178	2821
2177	2821
2177	2822
2178	2822
2178	2826
2179	2826
2179	2829
2178	2829
2178	2830
2179	2830
2179	2831
2178	2831
2178	2832
2179	2832
2179	2834
2180	2834
2180	2840
2179	2840
2179	2841
2181	2841
2181	2842
2180	2842
2180	2843
2181	2843
2181	2844
2180	2844
2180	2846
2181	2846
2181	2848
2182	2848
2182	2851
2181	2851
2181	2852
2182	2852
2182	2855
2183	2855
2183	2862
2184	2862
2184	2868
2185	2868
2185	2875
2186	2875
2186	2882
2187	2882
2187	2885
2185	2885
2185	2886
2188	2886
2188	2891
2187	2891
2187	2892
2189	2892
2189	2893
2188	2893
2188	2894
2189	2894
2189	2898
2190	2898
2190	2901
2189	2901
2189	2902
2190	2902
2190	2903
2191	2903
2191	2909
2192	2909
2192	2910
2191	2910
2191	2911
2192	2911
2192	2914
2193	2914
2193	2919
2194	2919
2194	2922
2193	2922
2193	2923
2194	2923
2194	2924
2195	2924
2195	2930
2196	2930
2196	2934
2197	2934
2197	2936
2196	2936
2196	2937
2197	2937
2197	2938
2198	2938
2198	2942
2197	2942
2197	2943
2199	2943
2199	2946
2198	2946
2198	2947
2199	2947
2199	2948
2200	2948
2200	2952
2201	2952
